-9.92601101e-01 1.18389870e-01 -2.69609328e-02 -0.00000000e+00 -1.21123877e-01 -9.49930449e-01 2.88029769e-01 0.00000000e+00 8.48879594e-03 2.89164278e-01 9.57241851e-01 0.00000000e+00
-9.92560074e-01 1.18714545e-01 -2.70436067e-02 -0.00000000e+00 -1.21460756e-01 -9.49964720e-01 2.87774764e-01 0.00000000e+00 8.47257785e-03 2.88918478e-01 9.57316211e-01 0.00000000e+00
-9.92559198e-01 1.18723852e-01 -2.70348889e-02 -0.00000000e+00 -1.21467141e-01 -9.49963769e-01 2.87775209e-01 0.00000000e+00 8.48361623e-03 2.88917781e-01 9.57316324e-01 0.00000000e+00
-9.92565017e-01 1.18687070e-01 -2.69827157e-02 -0.00000000e+00 -1.21416319e-01 -9.49951593e-01 2.87836843e-01 0.00000000e+00 8.53023784e-03 2.88972923e-01 9.57299266e-01 0.00000000e+00
-9.92596046e-01 1.18470581e-01 -2.67920034e-02 -0.00000000e+00 -1.21150942e-01 -9.49882121e-01 2.88177733e-01 0.00000000e+00 8.69133849e-03 2.89289955e-01 9.57202060e-01 0.00000000e+00
-9.92636362e-01 1.18182214e-01 -2.65709758e-02 -0.00000000e+00 -1.20808093e-01 -9.49828221e-01 2.88499142e-01 0.00000000e+00 8.85760455e-03 2.89584728e-01 9.57111398e-01 0.00000000e+00
-9.92675401e-01 1.17897163e-01 -2.63781566e-02 -0.00000000e+00 -1.20479554e-01 -9.49871279e-01 2.88494767e-01 0.00000000e+00 8.95686132e-03 2.89559687e-01 9.57118050e-01 0.00000000e+00
-9.92716198e-01 1.17589380e-01 -2.62161830e-02 -0.00000000e+00 -1.20141816e-01 -9.50032303e-01 2.88105133e-01 0.00000000e+00 8.97188325e-03 2.89156292e-01 9.57239857e-01 0.00000000e+00
-9.92753925e-01 1.17304206e-01 -2.60646908e-02 -0.00000000e+00 -1.19829241e-01 -9.50204869e-01 2.87665881e-01 0.00000000e+00 8.97762152e-03 2.88704744e-01 9.57376087e-01 0.00000000e+00
-9.92785628e-01 1.17072654e-01 -2.58976796e-02 8.97249542e-02 -1.19561650e-01 -9.50310261e-01 2.87428982e-01 5.42500140e-10 9.03924311e-03 2.88451731e-01 9.57451769e-01 0.00000000e+00
-9.92812128e-01 1.16884395e-01 -2.57316158e-02 8.97249542e-02 -1.19334211e-01 -9.50359570e-01 2.87360460e-01 5.42500140e-10 9.13366616e-03 2.88365612e-01 9.57476814e-01 0.00000000e+00
-9.92831714e-01 1.16753546e-01 -2.55694739e-02 8.97249542e-02 -1.19162037e-01 -9.50375609e-01 2.87378863e-01 5.42500140e-10 9.25189712e-03 2.88365760e-01 9.57475635e-01 0.00000000e+00
-9.92856874e-01 1.16598275e-01 -2.52996093e-02 8.97249542e-02 -1.18935228e-01 -9.50392375e-01 2.87417371e-01 5.42500140e-10 9.46781410e-03 2.88373328e-01 9.57471245e-01 0.00000000e+00
-9.92898368e-01 1.16373079e-01 -2.47009572e-02 8.97249542e-02 -1.18546741e-01 -9.50430720e-01 2.87451069e-01 5.42500140e-10 9.97501743e-03 2.88337915e-01 9.57476760e-01 0.00000000e+00
-9.92938448e-01 1.16161377e-01 -2.40784795e-02 8.97249542e-02 -1.18163868e-01 -9.50456051e-01 2.87524946e-01 5.42500140e-10 1.05137572e-02 2.88339780e-01 9.57470434e-01 0.00000000e+00
-9.92969687e-01 1.15955526e-01 -2.37805935e-02 8.97249542e-02 -1.17879116e-01 -9.50441714e-01 2.87689178e-01 5.42500140e-10 1.07570819e-02 2.88469868e-01 9.57428546e-01 0.00000000e+00
-9.92989573e-01 1.15758449e-01 -2.39100426e-02 8.97249542e-02 -1.17725171e-01 -9.50388479e-01 2.87927983e-01 5.42500140e-10 1.06062677e-02 2.88724299e-01 9.57353533e-01 0.00000000e+00
-9.93001718e-01 1.15614821e-01 -2.40998041e-02 8.97249542e-02 -1.17639586e-01 -9.50318313e-01 2.88194433e-01 5.42500140e-10 1.04170624e-02 2.89012658e-01 9.57268598e-01 0.00000000e+00
-9.93016652e-01 1.15472251e-01 -2.41678959e-02 8.97249542e-02 -1.17517876e-01 -9.50194476e-01 2.88652050e-01 5.42500140e-10 1.03671007e-02 2.89476452e-01 9.57128992e-01 0.00000000e+00
-9.93033621e-01 1.15337312e-01 -2.41149575e-02 8.97249542e-02 -1.17367492e-01 -9.50046920e-01 2.89198413e-01 5.42500140e-10 1.04450265e-02 2.90014060e-01 9.56965384e-01 0.00000000e+00
-9.93041335e-01 1.15290659e-01 -2.40202340e-02 8.97249542e-02 -1.17287970e-01 -9.49851749e-01 2.89870983e-01 5.42500140e-10 1.06037552e-02 2.90671152e-01 9.56764256e-01 0.00000000e+00
-9.93030898e-01 1.15401306e-01 -2.39201716e-02 8.97249542e-02 -1.17355425e-01 -9.49591107e-01 2.90696464e-01 5.42500140e-10 1.08323693e-02 2.91477733e-01 9.56516279e-01 0.00000000e+00
-9.93007523e-01 1.15628169e-01 -2.37946591e-02 8.97249542e-02 -1.17524827e-01 -9.49279823e-01 2.91643160e-01 5.42500140e-10 1.11343748e-02 2.92400315e-01 9.56231186e-01 0.00000000e+00
-9.92970283e-01 1.15973470e-01 -2.36679289e-02 8.97249542e-02 -1.17804465e-01 -9.48899604e-01 2.92765520e-01 5.42500140e-10 1.14945449e-02 2.93495649e-01 9.55891301e-01 0.00000000e+00
-9.92917031e-01 1.16442832e-01 -2.35973923e-02 8.97249542e-02 -1.18216800e-01 -9.48459359e-01 2.94023185e-01 5.42500140e-10 1.18557248e-02 2.94730236e-01 9.55506949e-01 0.00000000e+00
-9.92834150e-01 1.17143404e-01 -2.36172216e-02 8.97249542e-02 -1.18873098e-01 -9.47918612e-01 2.95498716e-01 5.42500140e-10 1.22285214e-02 2.96188669e-01 9.55051169e-01 0.00000000e+00
-9.92768759e-01 1.17692348e-01 -2.36368772e-02 8.97249542e-02 -1.19388002e-01 -9.47493751e-01 2.96651473e-01 5.42500140e-10 1.25178151e-02 2.97328274e-01 9.54693250e-01 0.00000000e+00
-9.92692325e-01 1.18345031e-01 -2.35881691e-02 8.97249542e-02 -1.19974499e-01 -9.46908296e-01 2.98279733e-01 5.42500140e-10 1.29640914e-02 2.98929981e-01 9.54186983e-01 0.00000000e+00
-9.92636646e-01 1.18880205e-01 -2.32376121e-02 8.97249542e-02 -1.20348692e-01 -9.46160710e-01 3.00493100e-01 5.42500140e-10 1.37361659e-02 3.01077079e-01 9.53500871e-01 0.00000000e+00
-9.92570544e-01 1.19488555e-01 -2.29390551e-02 8.97249542e-02 -1.20803322e-01 -9.45353181e-01 3.02843061e-01 5.42500140e-10 1.45007710e-02 3.03364216e-01 9.52764336e-01 0.00000000e+00
-9.92415487e-01 1.20692902e-01 -2.33393178e-02 8.97249542e-02 -1.22037969e-01 -9.44487104e-01 3.05042365e-01 5.42500140e-10 1.47727635e-02 3.05577050e-01 9.52052746e-01 0.00000000e+00
-9.92165622e-01 1.22503001e-01 -2.45029374e-02 8.97249542e-02 -1.24085726e-01 -9.43567058e-01 3.07056898e-01 5.42500140e-10 1.44952268e-02 3.07691763e-01 9.51375671e-01 0.00000000e+00
-9.91875038e-01 1.24566765e-01 -2.58269276e-02 8.97249542e-02 -1.26423914e-01 -9.42553038e-01 3.09209903e-01 5.42500140e-10 1.41740283e-02 3.09962725e-01 9.50643049e-01 0.00000000e+00
-9.91704051e-01 1.25818855e-01 -2.63190426e-02 8.97249542e-02 -1.27740036e-01 -9.41799611e-01 3.10959766e-01 5.42500140e-10 1.43373376e-02 3.11742055e-01 9.50058594e-01 0.00000000e+00
-9.91571045e-01 1.26872221e-01 -2.62736227e-02 8.97249542e-02 -1.28691998e-01 -9.40944551e-01 3.13148083e-01 5.42500140e-10 1.50077706e-02 3.13889777e-01 9.49340811e-01 0.00000000e+00
-9.91446696e-01 1.27862441e-01 -2.61657191e-02 8.97249542e-02 -1.29566181e-01 -9.40180184e-01 3.15077494e-01 5.42500140e-10 1.56860868e-02 3.15772733e-01 9.48705185e-01 0.00000000e+00
-9.91260132e-01 1.29223607e-01 -2.65444990e-02 8.97249542e-02 -1.30951285e-01 -9.39481524e-01 3.16585260e-01 5.42500140e-10 1.59722228e-02 3.17294383e-01 9.48192577e-01 0.00000000e+00
-9.90991140e-01 1.31076267e-01 -2.74876822e-02 8.97249542e-02 -1.32985757e-01 -9.38778163e-01 3.17821253e-01 5.42500140e-10 1.58539877e-02 3.18613516e-01 9.47752119e-01 0.00000000e+00
-9.90717199e-01 1.32941578e-01 -2.83895669e-02 8.97249542e-02 -1.35025004e-01 -9.38179165e-01 3.18728884e-01 5.42500140e-10 1.57378207e-02 3.19603489e-01 9.47420673e-01 0.00000000e+00
-9.90443570e-01 1.34850044e-01 -2.89309620e-02 8.97249542e-02 -1.36992695e-01 -9.37640432e-01 3.19473664e-01 5.42500140e-10 1.59541978e-02 3.20383967e-01 9.47153408e-01 0.00000000e+00
-9.90169437e-01 1.36786406e-01 -2.92226717e-02 8.97249542e-02 -1.38911948e-01 -9.37214330e-01 3.19894936e-01 5.42500140e-10 1.63693721e-02 3.20809567e-01 9.47002252e-01 0.00000000e+00
-9.89886464e-01 1.38808140e-01 -2.92760927e-02 8.97249542e-02 -1.40834481e-01 -9.36771688e-01 3.20350518e-01 5.42500140e-10 1.70422446e-02 3.21233724e-01 9.46846585e-01 0.00000000e+00
-9.89689420e-01 1.40266246e-01 -2.89867454e-02 8.97249542e-02 -1.42108192e-01 -9.36338236e-01 3.21054466e-01 5.42500140e-10 1.78917068e-02 3.21863463e-01 9.46617028e-01 0.00000000e+00
-9.89547736e-01 1.41416292e-01 -2.82260651e-02 8.97249542e-02 -1.42931504e-01 -9.35870007e-01 3.22052659e-01 5.42500140e-10 1.91275653e-02 3.22720874e-01 9.46300890e-01 0.00000000e+00
-9.89454334e-01 1.42230434e-01 -2.73975393e-02 8.97249542e-02 -1.43411834e-01 -9.35434289e-01 3.23103292e-01 5.42500140e-10 2.03265238e-02 3.23625083e-01 9.45967038e-01 0.00000000e+00
-9.89344590e-01 1.43162134e-01 -2.64931402e-02 8.97249542e-02 -1.43965273e-01 -9.34818977e-01 3.24634380e-01 5.42500140e-10 2.17090604e-02 3.24989360e-01 9.45468473e-01 0.00000000e+00
-9.89237982e-01 1.44069146e-01 -2.55400763e-02 8.97249542e-02 -1.44462598e-01 -9.34024423e-01 3.26693946e-01 5.42500140e-10 2.32114627e-02 3.26867646e-01 9.44785039e-01 0.00000000e+00
-9.89158403e-01 1.44750966e-01 -2.47550415e-02 8.97249542e-02 -1.44804420e-01 -9.33350307e-01 3.28464434e-01 5.42500140e-10 2.44404185e-02 3.28487994e-01 9.44191879e-01 0.00000000e+00
-9.89095097e-01 1.45287127e-01 -2.41358478e-02 8.97249542e-02 -1.45073854e-01 -9.32870807e-01 3.29705376e-01 5.42500140e-10 2.53863190e-02 3.29611452e-01 9.43775305e-01 0.00000000e+00
-9.89056391e-01 1.45596552e-01 -2.38557950e-02 8.97249542e-02 -1.45265640e-01 -9.32739837e-01 3.29991348e-01 5.42500140e-10 2.57943519e-02 3.29845479e-01 9.43682474e-01 0.00000000e+00
-9.89052669e-01 1.45645981e-01 -2.37079166e-02 8.97249542e-02 -1.45261990e-01 -9.32720831e-01 3.30046673e-01 5.42500140e-10 2.59571037e-02 3.29877402e-01 9.43666852e-01 0.00000000e+00
-9.89086622e-01 1.45459896e-01 -2.34323129e-02 8.97249542e-02 -1.44983309e-01 -9.32606690e-01 3.30491456e-01 5.42500140e-10 2.62201210e-02 3.30281972e-01 9.43518057e-01 0.00000000e+00
-9.89162628e-01 1.45012457e-01 -2.29931168e-02 8.97249542e-02 -1.44395355e-01 -9.32431651e-01 3.31241902e-01 5.42500140e-10 2.65946921e-02 3.30972209e-01 9.43265667e-01 0.00000000e+00
-9.89272588e-01 1.44327282e-01 -2.25695010e-02 8.97249542e-02 -1.43582064e-01 -9.32215840e-01 3.32201472e-01 5.42500140e-10 2.69060891e-02 3.31878385e-01 9.42938386e-01 0.00000000e+00
-9.89459687e-01 1.43100450e-01 -2.21763352e-02 8.97249542e-02 -1.42248285e-01 -9.31830002e-01 3.33853670e-01 5.42500140e-10 2.71100358e-02 3.33489294e-01 9.42364015e-01 0.00000000e+00
-9.89703398e-01 1.41454604e-01 -2.18581490e-02 8.97249542e-02 -1.40533596e-01 -9.31354924e-01 3.35899262e-01 5.42500140e-10 2.71568023e-02 3.35512445e-01 9.41644257e-01 0.00000000e+00
-9.89955943e-01 1.39704596e-01 -2.16761989e-02 8.97249542e-02 -1.38759939e-01 -9.30787633e-01 3.38201215e-01 5.42500140e-10 2.70723262e-02 3.37812091e-01 9.40824150e-01 0.00000000e+00
-9.90128435e-01 1.38447761e-01 -2.18609339e-02 8.97249553e-02 -1.37581554e-01 -9.30202289e-01 3.40286668e-01 -1.10966128e-01 2.67768367e-02 3.39935167e-01 9.40067595e-01 0.00000000e+00
-9.90242555e-01 1.37543596e-01 -2.23928679e-02 8.97249553e-02 -1.36861891e-01 -9.29635405e-01 3.42121085e-01 -1.10966128e-01 2.62393617e-02 3.41847588e-01 9.39389015e-01 0.00000000e+00
-9.90300208e-01 1.37014127e-01 -2.30787330e-02 8.97249553e-02 -1.36549881e-01 -9.29012510e-01 3.43932969e-01 -1.10966128e-01 2.56832440e-02 3.43748289e-01 9.38710544e-01 0.00000000e+00
-9.90293077e-01 1.36923756e-01 -2.39062151e-02 8.97249553e-02 -1.36686792e-01 -9.28120791e-01 3.46278095e-01 -1.10966128e-01 2.52258422e-02 3.46184464e-01 9.37827262e-01 0.00000000e+00
-9.90151465e-01 1.37700411e-01 -2.52719878e-02 8.97249553e-02 -1.37797333e-01 -9.26664554e-01 3.49720888e-01 -1.10966128e-01 2.47380546e-02 3.49759062e-01 9.36513015e-01 0.00000000e+00
-9.90042158e-01 1.38304005e-01 -2.62398050e-02 8.97249553e-02 -1.38628126e-01 -9.25481334e-01 3.52514601e-01 -1.10966128e-01 2.44697314e-02 3.52641891e-01 9.35438362e-01 0.00000000e+00
-9.90197321e-01 1.37278156e-01 -2.57676776e-02 8.97249553e-02 -1.37486214e-01 -9.25411222e-01 3.53145311e-01 -1.10966128e-01 2.46334391e-02 3.53226241e-01 9.35213567e-01 0.00000000e+00
-9.90503903e-01 1.35284776e-01 -2.44958507e-02 8.97249553e-02 -1.35208770e-01 -9.26237062e-01 3.51857205e-01 -1.10966128e-01 2.49119583e-02 3.51827989e-01 9.35733114e-01 0.00000000e+00
-9.90845568e-01 1.33118417e-01 -2.24621199e-02 8.97249553e-02 -1.32524971e-01 -9.27404182e-01 3.49797964e-01 -1.10966128e-01 2.57330873e-02 3.49572555e-01 9.36555838e-01 0.00000000e+00
-9.91100561e-01 1.31733066e-01 -1.91331223e-02 8.97249553e-02 -1.30136616e-01 -9.28626120e-01 3.47444947e-01 -1.10966128e-01 2.80024711e-02 3.46842802e-01 9.37505164e-01 0.00000000e+00
-9.91241294e-01 1.31244003e-01 -1.46870078e-02 8.97249562e-02 -1.28218694e-01 -9.29776273e-01 3.45073975e-01 -2.21932256e-01 3.16332584e-02 3.43934723e-01 9.38460571e-01 0.00000000e+00
-9.91266117e-01 1.31522560e-01 -9.65929564e-03 8.97249562e-02 -1.26855765e-01 -9.30945477e-01 3.42415149e-01 -2.21932256e-01 3.60430393e-02 3.40649873e-01 9.39499103e-01 0.00000000e+00
-9.91094992e-01 1.33004325e-01 -6.36909150e-03 8.97249562e-02 -1.27214660e-01 -9.31654765e-01 3.40346630e-01 -2.21932256e-01 3.93337794e-02 3.38126082e-01 9.40278473e-01 0.00000000e+00
-9.90668479e-01 1.36225626e-01 -4.30631860e-03 8.97249562e-02 -1.29615749e-01 -9.31889897e-01 3.38793413e-01 -2.21932256e-01 4.21393299e-02 3.36190122e-01 9.40850933e-01 0.00000000e+00
-9.90121012e-01 1.40175889e-01 -3.33181881e-03 8.97249562e-02 -1.33072003e-01 -9.31924758e-01 3.37354544e-01 -2.21932256e-01 4.41839688e-02 3.34465194e-01 9.41371771e-01 0.00000000e+00
-9.89684581e-01 1.43217249e-01 -3.64007508e-03 8.97249562e-02 -1.36114680e-01 -9.32069970e-01 3.35735559e-01 -2.21932256e-01 4.46903186e-02 3.32767774e-01 9.41949247e-01 0.00000000e+00
-9.89224365e-01 1.46298653e-01 -5.64439630e-03 8.97249562e-02 -1.39782171e-01 -9.32290961e-01 3.33608318e-01 -2.21932256e-01 4.35442278e-02 3.30802462e-01 9.42694877e-01 0.00000000e+00
-9.88856121e-01 1.48653043e-01 -8.11445419e-03 8.97249575e-02 -1.42904680e-01 -9.32513320e-01 3.31658198e-01 -3.32898384e-01 4.17351636e-02 3.29121833e-01 9.43364720e-01 0.00000000e+00
-9.88632227e-01 1.49991539e-01 -1.04334891e-02 8.97249575e-02 -1.45003958e-01 -9.32809048e-01 3.29910794e-01 -3.32898384e-01 3.97513748e-02 3.27673340e-01 9.43954453e-01 0.00000000e+00
-9.88589552e-01 1.50110037e-01 -1.25568659e-02 8.97249575e-02 -1.45866399e-01 -9.33159506e-01 3.28536650e-01 -3.32898384e-01 3.75990899e-02 3.26619524e-01 9.44407748e-01 0.00000000e+00
-9.88664934e-01 1.49447237e-01 -1.43934323e-02 8.97249575e-02 -1.45875435e-01 -9.33483058e-01 3.27612175e-01 -3.32898384e-01 3.55247093e-02 3.25998318e-01 9.44702647e-01 0.00000000e+00
-9.88797948e-01 1.48510957e-01 -1.49370193e-02 8.97249575e-02 -1.45168748e-01 -9.33594993e-01 3.27607118e-01 -3.32898384e-01 3.47081202e-02 3.26105634e-01 9.44695963e-01 0.00000000e+00
-9.89077340e-01 1.46680902e-01 -1.45164829e-02 8.97249575e-02 -1.43276469e-01 -9.33625089e-01 3.28353540e-01 -3.32898384e-01 3.46102408e-02 3.26846916e-01 9.44443341e-01 0.00000000e+00
-9.89381633e-01 1.44674126e-01 -1.39061500e-02 8.97249575e-02 -1.41137045e-01 -9.33511156e-01 3.29601662e-01 -3.32898384e-01 3.47032861e-02 3.28064504e-01 9.44017671e-01 0.00000000e+00
-9.89724377e-01 1.42313740e-01 -1.38728495e-02 8.97249575e-02 -1.38825491e-01 -9.33137109e-01 3.31636274e-01 -3.32898384e-01 3.42511279e-02 3.30154410e-01 9.43305320e-01 0.00000000e+00
-9.90051383e-01 1.39988886e-01 -1.41904970e-02 8.97249575e-02 -1.36651438e-01 -9.32581036e-01 3.34094291e-01 -3.32898384e-01 3.35356993e-02 3.32709666e-01 9.42432828e-01 0.00000000e+00
-9.90366888e-01 1.37670439e-01 -1.48417171e-02 8.97249583e-02 -1.34586570e-01 -9.31858485e-01 3.36936520e-01 -4.43864512e-01 3.25558184e-02 3.35688269e-01 9.41410381e-01 0.00000000e+00
-9.90528946e-01 1.36378830e-01 -1.59129494e-02 8.97249583e-02 -1.33660931e-01 -9.31228914e-01 3.39039033e-01 -4.43864512e-01 3.14191480e-02 3.37954916e-01 9.40637716e-01 0.00000000e+00
-9.90577168e-01 1.35836744e-01 -1.74714808e-02 8.97249583e-02 -1.33635632e-01 -9.30747008e-01 3.40369688e-01 -4.43864512e-01 2.99731817e-02 3.39497254e-01 9.40129365e-01 0.00000000e+00
-9.90533294e-01 1.35923124e-01 -1.92014954e-02 8.97249583e-02 -1.34265959e-01 -9.30196400e-01 3.41624516e-01 -4.43864512e-01 2.85735098e-02 3.40968565e-01 9.39640353e-01 0.00000000e+00
-9.90373024e-01 1.36877719e-01 -2.06340101e-02 8.97249583e-02 -1.35593503e-01 -9.29290005e-01 3.43561478e-01 -4.43864512e-01 2.78509322e-02 3.43051858e-01 9.38903482e-01 0.00000000e+00
-9.90146703e-01 1.38426202e-01 -2.11587802e-02 8.97249583e-02 -1.37158464e-01 -9.28217416e-01 3.45832307e-01 -4.43864512e-01 2.82323046e-02 3.45326825e-01 9.38057739e-01 0.00000000e+00
-9.89706909e-01 1.41469883e-01 -2.15987528e-02 8.97249583e-02 -1.40059283e-01 -9.26526812e-01 3.49186862e-01 -4.43864512e-01 2.93876008e-02 3.48617755e-01 9.36804158e-01 0.00000000e+00
-9.89304180e-01 1.44167992e-01 -2.21997627e-02 8.97249583e-02 -1.42736866e-01 -9.25436243e-01 3.50989952e-01 -4.43864512e-01 3.00570515e-02 3.50404551e-01 9.36116031e-01 0.00000000e+00
-9.88658628e-01 1.48382587e-01 -2.31673451e-02 8.97249583e-02 -1.46993970e-01 -9.24490997e-01 3.51723141e-01 -4.43864512e-01 3.07715876e-02 3.51139578e-01 9.35817346e-01 0.00000000e+00
-9.88089940e-01 1.51952166e-01 -2.42654203e-02 8.97249596e-02 -1.50697213e-01 -9.23666967e-01 3.52320428e-01 -5.54830640e-01 3.11226850e-02 3.51781001e-01 9.35564806e-01 0.00000000e+00
-9.87575725e-01 1.54979260e-01 -2.59926382e-02 8.97249596e-02 -1.54067525e-01 -9.22336779e-01 3.54341733e-01 -5.54830640e-01 3.09416534e-02 3.53943915e-01 9.34754684e-01 0.00000000e+00
-9.87104189e-01 1.57569486e-01 -2.82343221e-02 8.97249596e-02 -1.57174742e-01 -9.20554993e-01 3.57595590e-01 -5.54830640e-01 3.03549072e-02 3.57421827e-01 9.33449633e-01 0.00000000e+00
-9.86684025e-01 1.59645556e-01 -3.11116039e-02 1.79449917e-01 -1.60013416e-01 -9.18479287e-01 3.61651084e-01 -5.54830639e-01 2.91606244e-02 3.61813621e-01 9.31794270e-01 0.00000000e+00
-9.86400796e-01 1.60654942e-01 -3.46909051e-02 1.79449917e-01 -1.62133876e-01 -9.16528253e-01 3.65634472e-01 -5.54830639e-01 2.69457903e-02 3.66286705e-01 9.30111807e-01 0.00000000e+00
-9.86289533e-01 1.60498123e-01 -3.83837083e-02 1.79449917e-01 -1.63266281e-01 -9.15162950e-01 3.68538866e-01 -5.54830639e-01 2.40224486e-02 3.69752791e-01 9.28819571e-01 0.00000000e+00
-9.86196431e-01 1.59956172e-01 -4.27857787e-02 1.79449920e-01 -1.64287165e-01 -9.13044580e-01 3.73308614e-01 -6.65796768e-01 2.06476936e-02 3.75184777e-01 9.26720053e-01 0.00000000e+00
-9.86070960e-01 1.59850899e-01 -4.59537932e-02 1.79449920e-01 -1.65232406e-01 -9.09842506e-01 3.80637447e-01 -6.65796768e-01 1.90345238e-02 3.82928589e-01 9.23581822e-01 0.00000000e+00
-9.85961708e-01 1.59819373e-01 -4.83453965e-02 1.79449920e-01 -1.65933458e-01 -9.05623617e-01 3.90271638e-01 -6.65796768e-01 1.85902357e-02 3.92815010e-01 9.19429590e-01 0.00000000e+00
-9.85814142e-01 1.60051713e-01 -5.05363812e-02 1.79449920e-01 -1.66776497e-01 -9.00253921e-01 4.02154794e-01 -6.65796768e-01 1.88699882e-02 4.04878164e-01 9.14175911e-01 0.00000000e+00
-9.85572809e-01 1.60926743e-01 -5.24292032e-02 1.79449920e-01 -1.68100676e-01 -8.94649524e-01 4.13937667e-01 -6.65796768e-01 1.97078788e-02 4.16779094e-01 9.08794139e-01 0.00000000e+00
-9.85226727e-01 1.62568715e-01 -5.38489415e-02 1.79449920e-01 -1.69908075e-01 -8.88538448e-01 4.26181502e-01 -6.65796768e-01 2.14369243e-02 4.29034777e-01 9.03033564e-01 0.00000000e+00
-9.84825812e-01 1.64496363e-01 -5.53088283e-02 1.79449920e-01 -1.71948579e-01 -8.81744279e-01 4.39272937e-01 -6.65796768e-01 2.34905577e-02 4.42117601e-01 8.96649441e-01 0.00000000e+00
-9.84445246e-01 1.66079724e-01 -5.73156373e-02 1.79449920e-01 -1.73902252e-01 -8.74667679e-01 4.52453819e-01 -6.65796768e-01 2.50112698e-02 4.55383329e-01 8.89944077e-01 0.00000000e+00
-9.84000562e-01 1.67781818e-01 -5.99345933e-02 1.79449920e-01 -1.76211321e-01 -8.66804063e-01 4.66476459e-01 -6.65796768e-01 2.63147195e-02 4.69574252e-01 8.82500741e-01 0.00000000e+00
-9.83541254e-01 1.69272077e-01 -6.31946650e-02 1.79449922e-01 -1.78584684e-01 -8.57561448e-01 4.82385606e-01 -7.76762896e-01 2.74611051e-02 4.85731743e-01 8.73676463e-01 0.00000000e+00
-9.83296261e-01 1.69631109e-01 -6.59829473e-02 1.79449922e-01 -1.79842931e-01 -8.49683123e-01 4.95676418e-01 -7.76762896e-01 2.80175438e-02 4.99263335e-01 8.65997194e-01 0.00000000e+00
-9.83207067e-01 1.68680192e-01 -6.96480960e-02 1.79449922e-01 -1.80331082e-01 -8.39440725e-01 5.12659703e-01 -7.76762896e-01 2.80100886e-02 5.16610359e-01 8.55762334e-01 0.00000000e+00
-9.83273981e-01 1.66572201e-01 -7.36612563e-02 1.79449922e-01 -1.80049764e-01 -8.27995476e-01 5.31041970e-01 -7.76762896e-01 2.74656429e-02 5.35422443e-01 8.44137694e-01 0.00000000e+00
-9.83417626e-01 1.64174776e-01 -7.70481329e-02 1.79449922e-01 -1.79340866e-01 -8.17217546e-01 5.47715561e-01 -7.76762896e-01 2.69559936e-02 5.52451016e-01 8.33109386e-01 0.00000000e+00
-9.83628042e-01 1.61573056e-01 -7.98124231e-02 1.79449922e-01 -1.78248247e-01 -8.07115506e-01 5.62842894e-01 -7.76762896e-01 2.65224024e-02 5.67854478e-01 8.22701558e-01 0.00000000e+00
-9.83928864e-01 1.58411905e-01 -8.23993898e-02 1.79449922e-01 -1.76657109e-01 -7.96388821e-01 5.78409121e-01 -7.76762896e-01 2.60049376e-02 5.83669867e-01 8.11574537e-01 0.00000000e+00
-9.84251065e-01 1.55219496e-01 -8.45975768e-02 1.79449924e-01 -1.74926830e-01 -7.86143986e-01 5.92771657e-01 -8.87729023e-01 2.55038413e-02 5.98234520e-01 8.00915110e-01 0.00000000e+00
-9.84784957e-01 1.50416188e-01 -8.70261971e-02 1.79449924e-01 -1.72012741e-01 -7.72555441e-01 6.11203490e-01 -8.87729023e-01 2.47023371e-02 6.16873618e-01 7.86674478e-01 0.00000000e+00
-9.85260688e-01 1.46044233e-01 -8.90643515e-02 1.79449924e-01 -1.69366086e-01 -7.59768836e-01 6.27747118e-01 -8.87729023e-01 2.40105276e-02 6.33579038e-01 7.73305306e-01 0.00000000e+00
-9.85535261e-01 1.42775071e-01 -9.12991199e-02 1.79449924e-01 -1.67801935e-01 -7.46704400e-01 6.43642020e-01 -8.87729023e-01 2.37225805e-02 6.49652075e-01 7.59861449e-01 0.00000000e+00
-9.85629594e-01 1.40853396e-01 -9.32449705e-02 1.79449924e-01 -1.67243442e-01 -7.36095349e-01 6.55891202e-01 -8.87729023e-01 2.37473141e-02 6.62060388e-01 7.49074167e-01 0.00000000e+00
-9.85615636e-01 1.39262488e-01 -9.57485077e-02 1.79449924e-01 -1.67257666e-01 -7.22589755e-01 6.70737593e-01 -8.87729023e-01 2.42216951e-02 6.77104132e-01 7.35488480e-01 0.00000000e+00
-9.85479578e-01 1.38526258e-01 -9.81859283e-02 1.79449927e-01 -1.67901483e-01 -7.08944462e-01 6.84986745e-01 -9.98695153e-01 2.52802801e-02 6.91526012e-01 7.21909054e-01 0.00000000e+00
-9.85222841e-01 1.38624747e-01 -1.00593900e-01 1.79449927e-01 -1.69157166e-01 -6.95401076e-01 6.98429092e-01 -9.98695153e-01 2.68664496e-02 7.05124473e-01 7.08574393e-01 0.00000000e+00
-9.84869195e-01 1.39082244e-01 -1.03386642e-01 1.79449927e-01 -1.70857056e-01 -6.79468221e-01 7.13534024e-01 -9.98695153e-01 2.89919753e-02 7.20402017e-01 6.92950503e-01 0.00000000e+00
-9.84582911e-01 1.39304098e-01 -1.05786862e-01 1.79449927e-01 -1.72205557e-01 -6.65852116e-01 7.25938155e-01 -9.98695153e-01 3.06877541e-02 7.32963387e-01 6.79575555e-01 0.00000000e+00
-9.84327867e-01 1.39479880e-01 -1.07907432e-01 1.79449927e-01 -1.73455025e-01 -6.55384341e-01 7.35108645e-01 -9.98695153e-01 3.18120244e-02 7.42305011e-01 6.69306556e-01 0.00000000e+00
-9.84028282e-01 1.39706423e-01 -1.10319785e-01 1.79449927e-01 -1.74825316e-01 -6.41712132e-01 7.46754075e-01 -9.98695153e-01 3.35327960e-02 7.54113821e-01 6.55887106e-01 0.00000000e+00
-9.83885621e-01 1.39831915e-01 -1.11427646e-01 1.79449927e-01 -1.75173745e-01 -6.29000048e-01 7.57412106e-01 -9.98695153e-01 3.58223902e-02 7.64726079e-01 6.43358983e-01 0.00000000e+00
-9.83882178e-01 1.40050794e-01 -1.11182886e-01 1.79449927e-01 -1.74412814e-01 -6.14437558e-01 7.69445682e-01 -9.98695153e-01 3.94465379e-02 7.76435614e-01 6.28960816e-01 0.00000000e+00
-9.83968910e-01 1.40226776e-01 -1.10189089e-01 1.79449929e-01 -1.72922222e-01 -5.99042742e-01 7.81822038e-01 -1.10966128e+00 4.36244101e-02 7.88342720e-01 6.13687759e-01 0.00000000e+00
-9.84105087e-01 1.39938226e-01 -1.09336497e-01 1.79449929e-01 -1.71179324e-01 -5.83597579e-01 7.93795632e-01 -1.10966128e+00 4.72738376e-02 7.99894467e-01 5.98275878e-01 0.00000000e+00
-9.84286793e-01 1.39215943e-01 -1.08620582e-01 1.79449929e-01 -1.69301691e-01 -5.69293039e-01 8.04513750e-01 -1.10966128e+00 5.01641989e-02 8.10261907e-01 5.83917114e-01 0.00000000e+00
-9.84510683e-01 1.38023681e-01 -1.08111881e-01 1.79449929e-01 -1.67386420e-01 -5.56512848e-01 8.13802947e-01 -1.10966128e+00 5.21584274e-02 8.19294155e-01 5.70996134e-01 0.00000000e+00
-9.84786597e-01 1.35929684e-01 -1.08251925e-01 1.79449929e-01 -1.65542112e-01 -5.44475816e-01 8.22278478e-01 -1.10966128e+00 5.28314983e-02 8.27689076e-01 5.58694573e-01 0.00000000e+00
-9.85061679e-01 1.33234367e-01 -1.09096712e-01 1.79449929e-01 -1.64132541e-01 -5.34774016e-01 8.28901237e-01 -1.10966128e+00 5.20960448e-02 8.34425164e-01 5.48653485e-01 0.00000000e+00
-9.85390024e-01 1.29750476e-01 -1.10323683e-01 1.79449931e-01 -1.62692961e-01 -5.25526231e-01 8.35076751e-01 -1.22062741e+00 5.03736164e-02 8.40825187e-01 5.38957795e-01 0.00000000e+00
-9.85798053e-01 1.25599457e-01 -1.11476341e-01 8.97249665e-02 -1.60911278e-01 -5.16477304e-01 8.41046226e-01 -1.22062741e+00 4.80599495e-02 8.47039533e-01 5.29352690e-01 0.00000000e+00
-9.86283491e-01 1.20662506e-01 -1.12629641e-01 8.97249665e-02 -1.58823000e-01 -5.07944357e-01 8.46621394e-01 -1.22062741e+00 4.49458684e-02 8.52896881e-01 5.20141115e-01 0.00000000e+00
-9.86818560e-01 1.15282052e-01 -1.13574552e-01 8.97249665e-02 -1.56452005e-01 -5.00177204e-01 8.51672199e-01 -1.22062741e+00 4.13751166e-02 8.58214899e-01 5.11620256e-01 0.00000000e+00
-9.87286742e-01 1.11221158e-01 -1.13555023e-01 8.97249665e-02 -1.54113877e-01 -4.94941983e-01 8.55149897e-01 -1.22062741e+00 3.89076134e-02 8.61778561e-01 5.05790381e-01 0.00000000e+00
-9.87716170e-01 1.08268332e-01 -1.12670919e-01 8.97249665e-02 -1.51699225e-01 -4.91486920e-01 8.57570961e-01 -1.22062741e+00 3.74714946e-02 8.64128796e-01 5.01873800e-01 0.00000000e+00
-9.88212540e-01 1.05246879e-01 -1.11171356e-01 8.97249665e-02 -1.48793216e-01 -4.89521079e-01 8.59202940e-01 -1.22062741e+00 3.60077055e-02 8.65616663e-01 4.99410890e-01 0.00000000e+00
-9.88783879e-01 1.01416825e-01 -1.09640635e-01 8.97249665e-02 -1.45554169e-01 -4.89818135e-01 8.59588377e-01 -1.22062741e+00 3.34727526e-02 8.65905781e-01 4.99085917e-01 0.00000000e+00
-9.89307467e-01 9.76015292e-02 -1.08372859e-01 8.97249665e-02 -1.42619510e-01 -4.92008681e-01 8.58828932e-01 -1.22062741e+00 3.05026298e-02 8.65101959e-01 5.00667744e-01 0.00000000e+00
-9.89947317e-01 9.29264856e-02 -1.06625406e-01 8.97249665e-02 -1.38895618e-01 -4.96471952e-01 8.56868489e-01 -1.22062741e+00 2.66892540e-02 8.63064464e-01 5.04388159e-01 0.00000000e+00
-9.90434812e-01 8.97116065e-02 -1.04836595e-01 1.79449931e-01 -1.35857084e-01 -5.01226872e-01 8.54584388e-01 -1.22062741e+00 2.41192196e-02 8.60652921e-01 5.08620500e-01 0.00000000e+00
-9.90915433e-01 8.70525622e-02 -1.02510756e-01 1.79449931e-01 -1.32652248e-01 -5.07208240e-01 8.51553394e-01 -1.22062741e+00 2.21356044e-02 8.57415682e-01 5.14148191e-01 0.00000000e+00
-9.91298136e-01 8.51078320e-02 -1.00422422e-01 1.79449931e-01 -1.30016860e-01 -5.13749871e-01 8.48031064e-01 -1.22062741e+00 2.05820790e-02 8.53708221e-01 5.20344743e-01 0.00000000e+00
-9.91568370e-01 8.36934468e-02 -9.89321698e-02 1.79449933e-01 -1.28185784e-01 -5.21627513e-01 8.43488674e-01 -1.33159354e+00 1.89887328e-02 8.49058387e-01 5.27957653e-01 0.00000000e+00
-9.91687878e-01 8.30746238e-02 -9.82535494e-02 1.79449933e-01 -1.27457601e-01 -5.29825854e-01 8.38474283e-01 -1.33159354e+00 1.75986649e-02 8.44027944e-01 5.36010369e-01 0.00000000e+00
-9.91732360e-01 8.29401791e-02 -9.79175800e-02 1.79449933e-01 -1.27264596e-01 -5.37878157e-01 8.33361153e-01 -1.33159354e+00 1.64513958e-02 8.38932664e-01 5.43986522e-01 0.00000000e+00
-9.91796486e-01 8.29231119e-02 -9.72804644e-02 1.79449933e-01 -1.26961821e-01 -5.50645473e-01 8.25027429e-01 -1.33159354e+00 1.48467945e-02 8.30610210e-01 5.56656314e-01 0.00000000e+00
-9.91859331e-01 8.27828360e-02 -9.67577898e-02 1.79449933e-01 -1.26663639e-01 -5.63272369e-01 8.16505089e-01 -1.33159354e+00 1.30916174e-02 8.22113885e-01 5.69172531e-01 0.00000000e+00
-9.91914074e-01 8.28852057e-02 -9.61067797e-02 1.79449933e-01 -1.26400693e-01 -5.77348845e-01 8.06654310e-01 -1.33159354e+00 1.13725702e-02 8.12279726e-01 5.83157192e-01 0.00000000e+00
-9.91968954e-01 8.38595629e-02 -9.46845723e-02 2.69174901e-01 -1.26038149e-01 -5.92755615e-01 7.95459091e-01 -1.33159353e+00 1.05820398e-02 8.01004591e-01 5.98564671e-01 0.00000000e+00
-9.92024144e-01 8.69097243e-02 -9.12951104e-02 2.69174901e-01 -1.25439188e-01 -6.09593336e-01 7.82726629e-01 -1.33159353e+00 1.23736646e-02 7.87935698e-01 6.15633192e-01 0.00000000e+00
-9.92047900e-01 8.95229543e-02 -8.84680978e-02 2.69174901e-01 -1.25059733e-01 -6.21954062e-01 7.73002722e-01 -1.33159353e+00 1.41783946e-02 7.77919524e-01 6.28203938e-01 0.00000000e+00
-9.92062116e-01 9.13764878e-02 -8.63892053e-02 2.69174901e-01 -1.24916833e-01 -6.37226606e-01 7.60485396e-01 -1.33159353e+00 1.44409844e-02 7.65240217e-01 6.43582837e-01 0.00000000e+00
-9.92065964e-01 9.18472305e-02 -8.58440960e-02 2.69174901e-01 -1.25051951e-01 -6.50723148e-01 7.48946857e-01 -1.33159353e+00 1.29279542e-02 7.53739657e-01 6.57045963e-01 0.00000000e+00
-9.92064469e-01 9.19962395e-02 -8.57016938e-02 3.58899870e-01 -1.25276594e-01 -6.65420347e-01 7.35881470e-01 -1.33159353e+00 1.06706771e-02 7.40778276e-01 6.71664859e-01 0.00000000e+00
-9.92069819e-01 9.23963099e-02 -8.52079557e-02 3.58899870e-01 -1.25360583e-01 -6.78493240e-01 7.23831229e-01 -1.33159353e+00 9.06631266e-03 7.28772836e-01 6.84695521e-01 0.00000000e+00
-9.92096178e-01 9.26633936e-02 -8.46089226e-02 3.58899870e-01 -1.25245725e-01 -6.90104827e-01 7.12789476e-01 -1.33159353e+00 7.66046593e-03 7.17752620e-01 6.96256054e-01 0.00000000e+00
-9.92095132e-01 9.32223121e-02 -8.40050599e-02 3.58899870e-01 -1.25316797e-01 -7.01039051e-01 7.02025604e-01 -1.33159353e+00 6.55362245e-03 7.07003429e-01 7.07179752e-01 0.00000000e+00
-9.92003808e-01 9.47863249e-02 -8.33306468e-02 3.58899870e-01 -1.26068025e-01 -7.13120227e-01 6.89613221e-01 -1.33159353e+00 5.94113294e-03 6.94604271e-01 7.19367506e-01 0.00000000e+00
-9.91834184e-01 9.70561529e-02 -8.27348405e-02 3.58899870e-01 -1.27400202e-01 -7.24293235e-01 6.77619730e-01 -1.33159353e+00 5.84287881e-03 6.82626847e-01 7.30743764e-01 0.00000000e+00
-9.91566299e-01 1.00435789e-01 -8.19080378e-02 4.48624837e-01 -1.29446294e-01 -7.36699428e-01 6.63715006e-01 -1.33159353e+00 6.31913598e-03 6.68720124e-01 7.43487366e-01 0.00000000e+00
-9.91256787e-01 1.04261499e-01 -8.08673128e-02 4.48624837e-01 -1.31727714e-01 -7.46657155e-01 6.52035967e-01 -1.33159353e+00 7.60208950e-03 6.56987544e-01 7.53863101e-01 0.00000000e+00
-9.90878205e-01 1.08564534e-01 -7.98381137e-02 4.48624837e-01 -1.34416275e-01 -7.53908006e-01 6.43082408e-01 -1.33159353e+00 9.62534856e-03 6.47947884e-01 7.61623852e-01 0.00000000e+00
-9.90478523e-01 1.13128022e-01 -7.84496471e-02 4.48624837e-01 -1.37140013e-01 -7.60978099e-01 6.34117458e-01 -1.33159353e+00 1.20379901e-02 6.38838308e-01 7.69246841e-01 0.00000000e+00
-9.90246748e-01 1.16386753e-01 -7.65865701e-02 4.48624837e-01 -1.38628114e-01 -7.68179129e-01 6.25046456e-01 -1.33159353e+00 1.39149228e-02 6.29567272e-01 7.76821360e-01 0.00000000e+00
-9.90179635e-01 1.18604610e-01 -7.40083546e-02 4.48624837e-01 -1.38940130e-01 -7.76223905e-01 6.14956981e-01 -1.33159353e+00 1.54896788e-02 6.19200610e-01 7.85080043e-01 0.00000000e+00
-9.90253719e-01 1.19685128e-01 -7.12252956e-02 4.48624837e-01 -1.38274407e-01 -7.83656982e-01 6.05608721e-01 -1.33159353e+00 1.66661570e-02 6.09554924e-01 7.92568631e-01 0.00000000e+00
-9.90513004e-01 1.19622791e-01 -6.76341401e-02 4.48624843e-01 -1.36290703e-01 -7.92217370e-01 5.94824750e-01 -1.44255965e+00 1.75736563e-02 5.98399555e-01 8.01005081e-01 0.00000000e+00
-9.90919228e-01 1.18156715e-01 -6.41722296e-02 4.48624843e-01 -1.33265708e-01 -7.99625430e-01 5.85524912e-01 -1.44255965e+00 1.78699533e-02 5.88759852e-01 8.08110452e-01 0.00000000e+00
-9.91434713e-01 1.15837328e-01 -6.03234829e-02 4.48624843e-01 -1.29357769e-01 -8.07322216e-01 5.75758115e-01 -1.44255965e+00 1.79937935e-02 5.78629892e-01 8.15391729e-01 0.00000000e+00
-9.91878761e-01 1.13778890e-01 -5.68408953e-02 5.38349812e-01 -1.25872649e-01 -8.14063410e-01 5.66971641e-01 -1.44255965e+00 1.82373110e-02 5.69521843e-01 8.21773857e-01 0.00000000e+00
-9.92448597e-01 1.11099941e-01 -5.19863956e-02 5.38349812e-01 -1.21178016e-01 -8.22326691e-01 5.55962860e-01 -1.44255965e+00 1.90176404e-02 5.58064169e-01 8.29579841e-01 0.00000000e+00
-9.92920692e-01 1.08724959e-01 -4.78265937e-02 5.38349812e-01 -1.17128664e-01 -8.29351980e-01 5.46311422e-01 -1.44255965e+00 1.97326065e-02 5.48045780e-01 8.36215551e-01 0.00000000e+00
-9.93214636e-01 1.07162057e-01 -4.51772154e-02 5.38349812e-01 -1.14592093e-01 -8.35554288e-01 5.37324561e-01 -1.44255965e+00 1.98327891e-02 5.38855570e-01 8.42164673e-01 0.00000000e+00
-9.93342625e-01 1.06363643e-01 -4.42402976e-02 5.38349812e-01 -1.13641075e-01 -8.41866360e-01 5.27585764e-01 -1.44255965e+00 1.88715254e-02 5.29100943e-01 8.48349019e-01 0.00000000e+00
-9.93303491e-01 1.06528319e-01 -4.47201528e-02 5.38349819e-01 -1.14230888e-01 -8.47564046e-01 5.18253309e-01 -1.55352578e+00 1.73054600e-02 5.19891244e-01 8.54057150e-01 0.00000000e+00
-9.93181605e-01 1.07341502e-01 -4.54763846e-02 5.38349819e-01 -1.15440541e-01 -8.51230170e-01 5.11938160e-01 -1.55352578e+00 1.62413404e-02 5.13697382e-01 8.57817707e-01 0.00000000e+00
-9.92806064e-01 1.09858512e-01 -4.76154105e-02 5.38349819e-01 -1.18834520e-01 -8.55443307e-01 5.04078471e-01 -1.55352578e+00 1.46450265e-02 5.06110517e-01 8.62344286e-01 0.00000000e+00
-9.92426525e-01 1.12395395e-01 -4.95668052e-02 5.38349819e-01 -1.22099244e-01 -8.58335219e-01 4.98349703e-01 -1.55352578e+00 1.34672770e-02 5.00627533e-01 8.65558031e-01 0.00000000e+00
-9.91970053e-01 1.15590391e-01 -5.13251972e-02 5.38349819e-01 -1.25868866e-01 -8.62666030e-01 4.89861561e-01 -1.55352578e+00 1.23467853e-02 4.92388243e-01 8.70288099e-01 0.00000000e+00
-9.91513503e-01 1.18743354e-01 -5.29243742e-02 5.38349819e-01 -1.29531367e-01 -8.67669402e-01 4.79970243e-01 -1.55352578e+00 1.10724162e-02 4.82752343e-01 8.75686917e-01 0.00000000e+00
-9.91063860e-01 1.22088977e-01 -5.37280908e-02 5.38349819e-01 -1.32979626e-01 -8.72827920e-01 4.69561329e-01 -1.55352578e+00 1.04328845e-02 4.72510004e-01 8.81263554e-01 0.00000000e+00
-9.90745476e-01 1.25130907e-01 -5.25895188e-02 5.38349819e-01 -1.35237036e-01 -8.76937568e-01 4.61184829e-01 -1.55352578e+00 1.15907511e-02 4.64028833e-01 8.85744261e-01 0.00000000e+00
-9.90497766e-01 1.28986455e-01 -4.77144705e-02 5.38349819e-01 -1.36535092e-01 -8.80630778e-01 4.53704311e-01 -1.55352578e+00 1.65028794e-02 4.55907805e-01 8.89873996e-01 0.00000000e+00
-9.90306680e-01 1.32766560e-01 -4.08132392e-02 5.38349826e-01 -1.36947092e-01 -8.84218346e-01 4.46546091e-01 -1.66449191e+00 2.31985734e-02 4.47806831e-01 8.93829328e-01 0.00000000e+00
-9.90238580e-01 1.34237287e-01 -3.75220654e-02 5.38349826e-01 -1.36938001e-01 -8.86756426e-01 4.41487287e-01 -1.66449191e+00 2.59911230e-02 4.42315941e-01 8.96482610e-01 0.00000000e+00
-9.90262650e-01 1.34924626e-01 -3.42816150e-02 5.38349826e-01 -1.36374592e-01 -8.90745794e-01 4.33559570e-01 -1.66449191e+00 2.79616582e-02 4.34012990e-01 9.00472582e-01 0.00000000e+00
-9.90403625e-01 1.34456872e-01 -3.19688690e-02 5.38349826e-01 -1.35249531e-01 -8.95354703e-01 4.24320068e-01 -1.66449191e+00 2.84292718e-02 4.24571908e-01 9.04947773e-01 0.00000000e+00
-9.90585148e-01 1.33267836e-01 -3.13169100e-02 5.38349826e-01 -1.34145547e-01 -8.99286925e-01 4.16278751e-01 -1.66449191e+00 2.73136806e-02 4.16560572e-01 9.08697558e-01 0.00000000e+00
-9.90825257e-01 1.31354482e-01 -3.18011158e-02 5.38349826e-01 -1.32807858e-01 -9.02711831e-01 4.09235168e-01 -1.66449191e+00 2.50476301e-02 4.09703979e-01 9.11874589e-01 0.00000000e+00
-9.91076093e-01 1.29139874e-01 -3.30313691e-02 5.38349826e-01 -1.31486428e-01 -9.06413089e-01 4.01405819e-01 -1.66449191e+00 2.18974316e-02 4.02166887e-01 9.15304483e-01 0.00000000e+00
-9.91206074e-01 1.27668507e-01 -3.48033069e-02 5.38349833e-01 -1.31056855e-01 -9.10769877e-01 3.91563956e-01 -1.77545803e+00 1.82925822e-02 3.92681784e-01 9.19492468e-01 0.00000000e+00
-9.91128573e-01 1.27734924e-01 -3.67143208e-02 5.38349833e-01 -1.32017416e-01 -9.14289614e-01 3.82943735e-01 -1.77545803e+00 1.53477665e-02 3.84393407e-01 9.23041794e-01 0.00000000e+00
-9.90965249e-01 1.28357733e-01 -3.88865948e-02 5.38349833e-01 -1.33553036e-01 -9.17791021e-01 3.73929442e-01 -1.77545803e+00 1.23069681e-02 3.75744505e-01 9.26641573e-01 0.00000000e+00
-9.90838076e-01 1.28839013e-01 -4.05020454e-02 5.38349833e-01 -1.34689475e-01 -9.20618037e-01 3.66498534e-01 -1.77545803e+00 9.93239592e-03 3.68595901e-01 9.29536664e-01 0.00000000e+00
-9.90624323e-01 1.29733734e-01 -4.28089838e-02 5.38349833e-01 -1.36456172e-01 -9.24573894e-01 3.55728587e-01 -1.77545803e+00 6.56992891e-03 3.58234941e-01 9.33608356e-01 0.00000000e+00
-9.90441695e-01 1.30501969e-01 -4.46596458e-02 5.38349833e-01 -1.37883186e-01 -9.28140217e-01 3.45751304e-01 -1.77545803e+00 3.67081264e-03 3.48604322e-01 9.37262798e-01 0.00000000e+00
-9.90384085e-01 1.30568015e-01 -4.57313556e-02 5.38349833e-01 -1.38339835e-01 -9.31793524e-01 3.35593383e-01 -1.77545803e+00 1.20558071e-03 3.38692814e-01 9.40896235e-01 0.00000000e+00
-9.90466529e-01 1.29784013e-01 -4.61753698e-02 5.38349833e-01 -1.37749531e-01 -9.35713753e-01 3.24753504e-01 -1.77545803e+00 -1.05911551e-03 3.28018112e-01 9.44670840e-01 0.00000000e+00
-9.90594102e-01 1.28875691e-01 -4.59823963e-02 5.38349833e-01 -1.36812729e-01 -9.38659385e-01 3.16545158e-01 -1.77545803e+00 -2.36683177e-03 3.19858744e-01 9.47462285e-01 0.00000000e+00
-9.90815847e-01 1.27558386e-01 -4.48644228e-02 5.38349833e-01 -1.35175087e-01 -9.42767157e-01 3.04824184e-01 -1.77545803e+00 -3.41382349e-03 3.08089184e-01 9.51351355e-01 0.00000000e+00
-9.91119075e-01 1.25928574e-01 -4.27197175e-02 5.38349833e-01 -1.32929882e-01 -9.46831632e-01 2.92983800e-01 -1.77545803e+00 -3.55334773e-03 2.96060560e-01 9.55162561e-01 0.00000000e+00
-9.91461388e-01 1.24185165e-01 -3.97788943e-02 5.38349840e-01 -1.30365327e-01 -9.51043326e-01 2.80216832e-01 -1.88642416e+00 -3.03267838e-03 2.83009958e-01 9.59112176e-01 0.00000000e+00
-9.91675127e-01 1.23327109e-01 -3.70252262e-02 5.38349840e-01 -1.28746831e-01 -9.54500039e-01 2.68986858e-01 -1.88642416e+00 -2.16720830e-03 2.71514457e-01 9.62431921e-01 0.00000000e+00
-9.91811693e-01 1.23350657e-01 -3.30783986e-02 5.38349840e-01 -1.27708887e-01 -9.58109902e-01 2.56351041e-01 -1.88642416e+00 -7.16720967e-05 2.58476365e-01 9.66017579e-01 0.00000000e+00
-9.91853475e-01 1.24042406e-01 -2.89855984e-02 5.38349840e-01 -1.27363625e-01 -9.61610558e-01 2.43071271e-01 -1.88642416e+00 2.27828792e-03 2.44782796e-01 9.69575264e-01 0.00000000e+00
-9.91832337e-01 1.24710207e-01 -2.67577982e-02 6.28074814e-01 -1.27511393e-01 -9.64420767e-01 2.31588923e-01 -1.88642415e+00 3.07572613e-03 2.33109306e-01 9.72445675e-01 0.00000000e+00
-9.91714240e-01 1.25902700e-01 -2.55220812e-02 6.28074814e-01 -1.28447019e-01 -9.68640245e-01 2.12690949e-01 -1.88642415e+00 2.05664982e-03 2.14206878e-01 9.76786150e-01 0.00000000e+00
-9.91562112e-01 1.27164728e-01 -2.51735933e-02 6.28074814e-01 -1.29632004e-01 -9.72160408e-01 1.95191403e-01 -1.88642415e+00 3.48691094e-04 1.96807704e-01 9.80442046e-01 0.00000000e+00
-9.91405585e-01 1.28573023e-01 -2.41649083e-02 6.28074822e-01 -1.30820739e-01 -9.75659406e-01 1.75996188e-01 -1.99739028e+00 -9.48357987e-04 1.77644875e-01 9.84094202e-01 0.00000000e+00
-9.91285254e-01 1.29891559e-01 -2.19483232e-02 6.28074822e-01 -1.31730358e-01 -9.78437496e-01 1.59082303e-01 -1.99739028e+00 -8.11614013e-04 1.60587202e-01 9.87021323e-01 0.00000000e+00
-9.91179733e-01 1.31072111e-01 -1.95662844e-02 6.28074822e-01 -1.32524000e-01 -9.80710963e-01 1.43678102e-01 -1.99739028e+00 -3.56677481e-04 1.45003825e-01 9.89431030e-01 0.00000000e+00
