9.47843716e-01 -3.18466057e-01 1.31019666e-02 -0.00000000e+00 3.13217925e-01 9.38263990e-01 1.46816947e-01 0.00000000e+00 -5.90493177e-02 -1.35055750e-01 9.89076904e-01 0.00000000e+00
9.47780557e-01 -3.18656728e-01 1.30348148e-02 -0.00000000e+00 3.13374604e-01 9.38103712e-01 1.47505200e-01 0.00000000e+00 -5.92315325e-02 -1.35717780e-01 9.88975384e-01 0.00000000e+00
9.47749137e-01 -3.18752855e-01 1.29688251e-02 -0.00000000e+00 3.13458168e-01 9.38021795e-01 1.47848194e-01 0.00000000e+00 -5.92920745e-02 -1.36057814e-01 9.88925033e-01 0.00000000e+00
9.47729326e-01 -3.18819124e-01 1.27863334e-02 -0.00000000e+00 3.13536584e-01 9.37963879e-01 1.48049222e-01 0.00000000e+00 -5.91940420e-02 -1.36301606e-01 9.88897334e-01 0.00000000e+00
9.47729651e-01 -3.18831017e-01 1.24615938e-02 -0.00000000e+00 3.13595283e-01 9.37951184e-01 1.48005320e-01 0.00000000e+00 -5.88770534e-02 -1.36361133e-01 9.88908051e-01 0.00000000e+00
9.47748647e-01 -3.18785290e-01 1.21836087e-02 -0.00000000e+00 3.13601381e-01 9.37984829e-01 1.47779005e-01 0.00000000e+00 -5.85378132e-02 -1.36236556e-01 9.88945360e-01 0.00000000e+00
9.47787137e-01 -3.18670238e-01 1.21992854e-02 -0.00000000e+00 3.13506747e-01 9.38073331e-01 1.47417588e-01 0.00000000e+00 -5.84214223e-02 -1.35895936e-01 9.88999106e-01 0.00000000e+00
9.47858278e-01 -3.18447318e-01 1.24895956e-02 -0.00000000e+00 3.13284946e-01 9.38248865e-01 1.46770599e-01 0.00000000e+00 -5.84570527e-02 -1.35204925e-01 9.89091705e-01 0.00000000e+00
9.47929795e-01 -3.18220697e-01 1.28332121e-02 -0.00000000e+00 3.13050457e-01 9.38422727e-01 1.46158126e-01 0.00000000e+00 -5.85535185e-02 -1.34530199e-01 9.89177998e-01 0.00000000e+00
9.47973795e-01 -3.18081120e-01 1.30416942e-02 -0.00000000e+00 3.12900643e-01 9.38515774e-01 1.45881220e-01 0.00000000e+00 -5.86418974e-02 -1.34210819e-01 9.89216146e-01 0.00000000e+00
9.47984562e-01 -3.18047813e-01 1.30712909e-02 -0.00000000e+00 3.12853665e-01 9.38505147e-01 1.46050244e-01 0.00000000e+00 -5.87184345e-02 -1.34363975e-01 9.89190815e-01 0.00000000e+00
9.47979257e-01 -3.18063475e-01 1.30749531e-02 -0.00000000e+00 3.12849160e-01 9.38455473e-01 1.46378713e-01 0.00000000e+00 -5.88279834e-02 -1.34673495e-01 9.89142213e-01 0.00000000e+00
9.47967711e-01 -3.18094646e-01 1.31535075e-02 -0.00000000e+00 3.12865660e-01 9.38440094e-01 1.46442035e-01 0.00000000e+00 -5.89262059e-02 -1.34707039e-01 9.89131799e-01 0.00000000e+00
9.47930414e-01 -3.18198817e-01 1.33207487e-02 -0.00000000e+00 3.12951596e-01 9.38425424e-01 1.46352389e-01 0.00000000e+00 -5.90696862e-02 -1.34563131e-01 9.89142829e-01 0.00000000e+00
9.47897764e-01 -3.18287785e-01 1.35171986e-02 -0.00000000e+00 3.13023629e-01 9.38428485e-01 1.46178614e-01 0.00000000e+00 -5.92117913e-02 -1.34331179e-01 9.89165860e-01 0.00000000e+00
9.47905200e-01 -3.18256015e-01 1.37419104e-02 8.97250925e-02 3.12975660e-01 9.38479971e-01 1.45950608e-01 1.68531906e-10 -5.93461665e-02 -1.34046456e-01 9.89196431e-01 0.00000000e+00
9.48018437e-01 -3.17903906e-01 1.40765619e-02 8.97250925e-02 3.12603435e-01 9.38658897e-01 1.45597280e-01 1.68531906e-10 -5.94990340e-02 -1.33628524e-01 9.89243793e-01 0.00000000e+00
9.48089717e-01 -3.17681765e-01 1.42893223e-02 8.97250925e-02 3.12371784e-01 9.38779069e-01 1.45319398e-01 1.68531906e-10 -5.95798395e-02 -1.33312246e-01 9.89281602e-01 0.00000000e+00
9.48175376e-01 -3.17403175e-01 1.47878945e-02 8.97250925e-02 3.12077508e-01 9.38999527e-01 1.44525142e-01 1.68531906e-10 -5.97585649e-02 -1.32420212e-01 9.89390621e-01 0.00000000e+00
9.48211395e-01 -3.17279753e-01 1.51231327e-02 8.97250925e-02 3.11945047e-01 9.39130179e-01 1.43961089e-01 1.68531906e-10 -5.98785291e-02 -1.31787959e-01 9.89467784e-01 0.00000000e+00
9.48260943e-01 -3.17105565e-01 1.56603148e-02 8.97250925e-02 3.11761401e-01 9.39341037e-01 1.42979874e-01 1.68531906e-10 -6.00500900e-02 -1.30699948e-01 9.89601693e-01 0.00000000e+00
9.48296219e-01 -3.16980780e-01 1.60457226e-02 8.97250925e-02 3.11641208e-01 9.39515040e-01 1.42095908e-01 1.68531906e-10 -6.01168695e-02 -1.29748504e-01 9.89722834e-01 0.00000000e+00
9.48303497e-01 -3.16944775e-01 1.63244622e-02 8.97250925e-02 3.11637241e-01 9.39684524e-01 1.40979524e-01 1.68531906e-10 -6.00225680e-02 -1.28604065e-01 9.89877915e-01 0.00000000e+00
9.48313799e-01 -3.16903401e-01 1.65279521e-02 8.97250925e-02 3.11626332e-01 9.39826840e-01 1.40051922e-01 1.68531906e-10 -5.99163435e-02 -1.27662625e-01 9.90006205e-01 0.00000000e+00
9.48372683e-01 -3.16715988e-01 1.67403012e-02 8.97250925e-02 3.11433713e-01 9.39940385e-01 1.39717986e-01 1.68531906e-10 -5.99858052e-02 -1.27291227e-01 9.90049820e-01 0.00000000e+00
9.48417121e-01 -3.16567164e-01 1.70351272e-02 8.97250925e-02 3.11216821e-01 9.39934422e-01 1.40240409e-01 1.68531906e-10 -6.04074109e-02 -1.27704786e-01 9.89970925e-01 0.00000000e+00
9.48561036e-01 -3.16123879e-01 1.72526404e-02 8.97250925e-02 3.10695751e-01 9.39975119e-01 1.41120252e-01 1.68531906e-10 -6.08285341e-02 -1.28500850e-01 9.89842119e-01 0.00000000e+00
9.49081087e-01 -3.14558514e-01 1.72635970e-02 8.97250925e-02 3.09080120e-01 9.40353044e-01 1.42146519e-01 1.68531906e-10 -6.09472739e-02 -1.29572739e-01 9.89695072e-01 0.00000000e+00
9.49715295e-01 -3.12647875e-01 1.70928056e-02 8.97250925e-02 3.07149394e-01 9.40837495e-01 1.43122523e-01 1.68531906e-10 -6.08285050e-02 -1.30675604e-01 9.89557365e-01 0.00000000e+00
9.50672054e-01 -3.09742424e-01 1.68010958e-02 8.97250925e-02 3.04249682e-01 9.41629915e-01 1.44101472e-01 1.68531906e-10 -6.04547537e-02 -1.31881515e-01 9.89420279e-01 0.00000000e+00
9.51611305e-01 -3.06859886e-01 1.65207044e-02 8.97250925e-02 3.01440644e-01 9.42555664e-01 1.43952624e-01 1.68531906e-10 -5.97449692e-02 -1.32006932e-01 9.89446668e-01 0.00000000e+00
9.52493526e-01 -3.04129883e-01 1.61584799e-02 8.97250925e-02 2.98856129e-01 9.43561145e-01 1.42749363e-01 1.68531906e-10 -5.86608609e-02 -1.31138783e-01 9.89626961e-01 0.00000000e+00
9.53649828e-01 -3.00498463e-01 1.58958775e-02 8.97250925e-02 2.95375108e-01 9.44867556e-01 1.41346550e-01 1.68531906e-10 -5.74939200e-02 -1.30099867e-01 9.89832548e-01 0.00000000e+00
9.54835286e-01 -2.96703865e-01 1.60122584e-02 8.97250925e-02 2.91615248e-01 9.46073458e-01 1.41087059e-01 1.68531906e-10 -5.70098483e-02 -1.30045483e-01 9.89867693e-01 0.00000000e+00
9.56345930e-01 -2.91771274e-01 1.64919848e-02 8.97250925e-02 2.86627646e-01 9.47498419e-01 1.41743922e-01 1.68531906e-10 -5.69829343e-02 -1.30829164e-01 9.89765970e-01 0.00000000e+00
9.58256555e-01 -2.85386784e-01 1.72846225e-02 8.97250925e-02 2.80139385e-01 9.49283829e-01 1.42766020e-01 1.68531906e-10 -5.71515479e-02 -1.31964371e-01 9.89605530e-01 0.00000000e+00
9.60098686e-01 -2.79079495e-01 1.80318502e-02 8.97250925e-02 2.73768127e-01 9.51077806e-01 1.43185265e-01 1.68531906e-10 -5.71097639e-02 -1.32535439e-01 9.89531623e-01 0.00000000e+00
9.62257908e-01 -2.71487759e-01 1.88179635e-02 8.97250925e-02 2.66145596e-01 9.53245135e-01 1.43144104e-01 1.68531906e-10 -5.68000040e-02 -1.32733228e-01 9.89522941e-01 0.00000000e+00
9.64117703e-01 -2.64742469e-01 1.97099036e-02 8.97250925e-02 2.59341911e-01 9.55111098e-01 1.43194149e-01 1.68531906e-10 -5.67347202e-02 -1.32944410e-01 9.89498335e-01 0.00000000e+00
9.66308362e-01 -2.56502040e-01 2.13272619e-02 8.97250925e-02 2.50923749e-01 9.57255816e-01 1.43869994e-01 1.68531906e-10 -5.73185924e-02 -1.33671261e-01 9.89366753e-01 0.00000000e+00
9.68746162e-01 -2.46894123e-01 2.39617475e-02 8.97250925e-02 2.40939500e-01 9.59529804e-01 1.45776243e-01 1.68531906e-10 -5.89833085e-02 -1.35446844e-01 9.89027361e-01 0.00000000e+00
9.71172117e-01 -2.36855395e-01 2.69117238e-02 8.97250925e-02 2.30484660e-01 9.61818989e-01 1.47584056e-01 1.68531906e-10 -6.08402868e-02 -1.37126780e-01 9.88683319e-01 0.00000000e+00
9.73663695e-01 -2.26042851e-01 2.97260761e-02 8.97250912e-02 2.19363255e-01 9.64353715e-01 1.47992146e-01 1.10966126e-01 -6.21190185e-02 -1.37573771e-01 9.88541696e-01 0.00000000e+00
9.76448938e-01 -2.13248015e-01 3.27529472e-02 8.97250912e-02 2.06348997e-01 9.67404786e-01 1.46792616e-01 1.10966126e-01 -6.29885918e-02 -1.36576956e-01 9.88624890e-01 0.00000000e+00
9.78657341e-01 -2.02470757e-01 3.51482912e-02 8.97250912e-02 1.95432575e-01 9.69878797e-01 1.45400234e-01 1.10966126e-01 -6.35288778e-02 -1.35427885e-01 9.88748385e-01 0.00000000e+00
9.81423042e-01 -1.88027448e-01 3.81377860e-02 8.97250912e-02 1.80800372e-01 9.72915688e-01 1.44035721e-01 1.10966126e-01 -6.41875194e-02 -1.34464649e-01 9.88837307e-01 0.00000000e+00
9.83651961e-01 -1.75462143e-01 4.05198260e-02 8.97250912e-02 1.68065446e-01 9.75294336e-01 1.43370026e-01 1.10966126e-01 -6.46747688e-02 -1.34216225e-01 9.88839309e-01 0.00000000e+00
9.86181227e-01 -1.59904660e-01 4.33253763e-02 8.97250912e-02 1.52312994e-01 9.77993265e-01 1.42583050e-01 1.10966126e-01 -6.51716204e-02 -1.34013710e-01 9.88834155e-01 0.00000000e+00
9.88325916e-01 -1.45254327e-01 4.59680853e-02 8.97250912e-02 1.37510355e-01 9.80364254e-01 1.41339420e-01 1.10966126e-01 -6.55956300e-02 -1.33368324e-01 9.88893373e-01 0.00000000e+00
9.89967745e-01 -1.32801843e-01 4.82445230e-02 1.79450185e-01 1.24969934e-01 9.82292837e-01 1.39582584e-01 1.10966127e-01 -6.59270737e-02 -1.32153141e-01 9.89034463e-01 0.00000000e+00
9.91397270e-01 -1.20804578e-01 5.03756561e-02 1.79450185e-01 1.12906266e-01 9.84013244e-01 1.37732027e-01 1.10966127e-01 -6.62089722e-02 -1.30859428e-01 9.89187637e-01 0.00000000e+00
9.92937521e-01 -1.06265441e-01 5.27516335e-02 1.79450185e-01 9.82723865e-02 9.85809814e-01 1.36093895e-01 1.10966127e-01 -6.64651558e-02 -1.29948705e-01 9.89290512e-01 0.00000000e+00
9.94064998e-01 -9.41993721e-02 5.44174386e-02 1.79450185e-01 8.61348920e-02 9.87066844e-01 1.35202904e-01 1.10966127e-01 -6.64496781e-02 -1.29713235e-01 9.89322454e-01 0.00000000e+00
9.95342897e-01 -7.79267479e-02 5.67445090e-02 1.79450185e-01 6.97307961e-02 9.88479165e-01 1.34337476e-01 1.10966127e-01 -6.65592474e-02 -1.29755012e-01 9.89309609e-01 0.00000000e+00
9.96187635e-01 -6.37421344e-02 5.95578457e-02 1.79450185e-01 5.53099831e-02 9.89458586e-01 1.33837632e-01 1.10966127e-01 -6.74611181e-02 -1.30033250e-01 9.89211985e-01 0.00000000e+00
9.96655298e-01 -5.25088605e-02 6.26181830e-02 1.79450185e-01 4.37536860e-02 9.90041383e-01 1.33804615e-01 1.10966127e-01 -6.90205204e-02 -1.30617302e-01 9.89027446e-01 0.00000000e+00
9.97042344e-01 -3.87169314e-02 6.63894862e-02 1.79450185e-01 2.95649307e-02 9.90583607e-01 1.33678843e-01 1.10966127e-01 -7.09399713e-02 -1.31320667e-01 9.88798464e-01 0.00000000e+00
9.97299631e-01 -2.62256660e-02 6.85978217e-02 1.79450185e-01 1.69261032e-02 9.90999427e-01 1.32791730e-01 1.10966127e-01 -7.14629536e-02 -1.31272050e-01 9.88767260e-01 0.00000000e+00
9.97450241e-01 -1.69207085e-02 6.93304101e-02 1.79450185e-01 7.67420677e-03 9.91283350e-01 1.31523486e-01 1.10966127e-01 -7.09515517e-02 -1.30656077e-01 9.88885669e-01 0.00000000e+00
9.97547459e-01 -3.98680960e-03 6.98797061e-02 1.79450185e-01 -5.11173439e-03 9.91560751e-01 1.29542067e-01 1.10966127e-01 -6.98064335e-02 -1.29581566e-01 9.89108528e-01 0.00000000e+00
9.97440306e-01 8.79866631e-03 7.09606827e-02 1.79450187e-01 -1.78645291e-02 9.91592987e-01 1.28156963e-01 1.65420962e-09 -6.92365050e-02 -1.29096599e-01 9.89211997e-01 0.00000000e+00
9.97202348e-01 1.93272309e-02 7.22075909e-02 1.79450187e-01 -2.84400511e-02 9.91444739e-01 1.27391099e-01 1.65420962e-09 -6.91277190e-02 -1.29088291e-01 9.89220689e-01 0.00000000e+00
9.96825363e-01 3.02984410e-02 7.36288054e-02 1.79450187e-01 -3.94933755e-02 9.91138453e-01 1.26826021e-01 1.65420962e-09 -6.91337096e-02 -1.29331244e-01 9.89188536e-01 0.00000000e+00
9.96414808e-01 3.94041821e-02 7.48654915e-02 1.79450187e-01 -4.86974656e-02 9.90748812e-01 1.26670233e-01 1.65420962e-09 -6.91815599e-02 -1.29861856e-01 9.89115671e-01 0.00000000e+00
9.96002547e-01 4.69100198e-02 7.60156380e-02 1.79450187e-01 -5.63336057e-02 9.90302916e-01 1.26990782e-01 1.65420962e-09 -6.93213679e-02 -1.30765377e-01 9.88986837e-01 0.00000000e+00
9.95642938e-01 5.26730367e-02 7.69460306e-02 1.79450187e-01 -6.22136590e-02 9.89900685e-01 1.27381686e-01 1.65420962e-09 -6.94593481e-02 -1.31613771e-01 9.88864609e-01 0.00000000e+00
9.95336521e-01 5.73252010e-02 7.75824153e-02 1.79450187e-01 -6.69324927e-02 9.89575999e-01 1.27512288e-01 1.65420962e-09 -6.94640286e-02 -1.32110422e-01 9.88798051e-01 0.00000000e+00
9.95103569e-01 6.08838790e-02 7.78591043e-02 1.79450187e-01 -7.05021683e-02 9.89337590e-01 1.27438522e-01 1.65420962e-09 -6.92699870e-02 -1.32303764e-01 9.88785812e-01 0.00000000e+00
9.94897546e-01 6.36586792e-02 7.82716149e-02 1.79450187e-01 -7.33206016e-02 9.89123905e-01 1.27506826e-01 1.65420962e-09 -6.93034092e-02 -1.32595150e-01 9.88744438e-01 0.00000000e+00
9.94756560e-01 6.48697966e-02 7.90651423e-02 1.79450187e-01 -7.46613642e-02 9.88967376e-01 1.27942212e-01 1.65420962e-09 -6.98932610e-02 -1.33174466e-01 9.88625052e-01 0.00000000e+00
9.94608152e-01 6.51039893e-02 8.07223264e-02 1.79450187e-01 -7.51901394e-02 9.88794621e-01 1.28963717e-01 1.65420962e-09 -7.14217497e-02 -1.34337887e-01 9.88358369e-01 0.00000000e+00
9.94537286e-01 6.41660784e-02 8.23304350e-02 1.79450187e-01 -7.45615043e-02 9.88689037e-01 1.30132895e-01 1.65420962e-09 -7.30490809e-02 -1.35560697e-01 9.88072431e-01 0.00000000e+00
9.94580936e-01 6.20683890e-02 8.34042974e-02 1.79450187e-01 -7.27097721e-02 9.88673616e-01 1.31292690e-01 1.65420962e-09 -7.43105026e-02 -1.36645514e-01 9.87828909e-01 0.00000000e+00
9.94713791e-01 5.88476761e-02 8.41512001e-02 1.79450187e-01 -6.97044090e-02 9.88726371e-01 1.32519652e-01 1.65420962e-09 -7.54040371e-02 -1.37684835e-01 9.87601700e-01 0.00000000e+00
9.94931407e-01 5.46710225e-02 8.43953427e-02 2.69175281e-01 -6.56735330e-02 9.88850571e-01 1.33647052e-01 4.35329944e-09 -7.61477618e-02 -1.38512190e-01 9.87428930e-01 0.00000000e+00
9.95242942e-01 4.96302204e-02 8.38351177e-02 2.69175281e-01 -6.06453219e-02 9.89066759e-01 1.34421322e-01 4.35329944e-09 -7.62471683e-02 -1.38866080e-01 9.87371552e-01 0.00000000e+00
9.95571621e-01 4.46537804e-02 8.27235632e-02 2.69175281e-01 -5.55733236e-02 9.89314043e-01 1.34793660e-01 4.35329944e-09 -7.58205362e-02 -1.38793966e-01 9.87414544e-01 0.00000000e+00
9.95999498e-01 3.72250857e-02 8.12360311e-02 2.69175281e-01 -4.80420915e-02 9.89604650e-01 1.35552920e-01 4.35329944e-09 -7.53455850e-02 -1.38913389e-01 9.87434106e-01 0.00000000e+00
9.96328825e-01 2.91730725e-02 8.04848030e-02 2.69175281e-01 -4.00629381e-02 9.89733222e-01 1.37197343e-01 4.35329944e-09 -7.56560153e-02 -1.39918125e-01 9.87268497e-01 0.00000000e+00
9.96574282e-01 2.07293191e-02 8.00624482e-02 2.69175281e-01 -3.17786701e-02 9.89739330e-01 1.39306044e-01 4.35329944e-09 -7.63532345e-02 -1.41373099e-01 9.87007513e-01 0.00000000e+00
9.96764518e-01 1.26026815e-02 7.93830507e-02 2.69175281e-01 -2.37473778e-02 9.89716756e-01 1.41056036e-01 4.35329944e-09 -7.67890511e-02 -1.42484791e-01 9.86813825e-01 0.00000000e+00
9.97000754e-01 1.05486001e-03 7.73846447e-02 2.69175281e-01 -1.21053265e-02 9.89725079e-01 1.42470102e-01 4.35329944e-09 -7.64392376e-02 -1.42979566e-01 9.86769419e-01 0.00000000e+00
9.97143863e-01 -9.98863738e-03 7.48621679e-02 2.69175281e-01 -8.34879902e-04 9.89697359e-01 1.43172763e-01 4.35329944e-09 -7.55209907e-02 -1.42826343e-01 9.86862308e-01 0.00000000e+00
9.97167529e-01 -1.94396197e-02 7.26568633e-02 2.69175281e-01 8.82706770e-03 9.89593007e-01 1.43623685e-01 4.35329944e-09 -7.46927136e-02 -1.42575528e-01 9.86961609e-01 0.00000000e+00
9.97063472e-01 -3.00763148e-02 7.04261912e-02 2.69175281e-01 1.96619245e-02 9.89360113e-01 1.44152612e-01 4.35329944e-09 -7.40124438e-02 -1.42344590e-01 9.87046187e-01 0.00000000e+00
9.96910940e-01 -3.77027189e-02 6.88990830e-02 2.69175281e-01 2.74256098e-02 9.89132742e-01 1.44444641e-01 4.35329944e-09 -7.35962946e-02 -1.42108843e-01 9.87111271e-01 0.00000000e+00
9.96604491e-01 -4.76953127e-02 6.71166610e-02 2.69175281e-01 3.75622455e-02 9.88736966e-01 1.44873360e-01 4.35329944e-09 -7.32705039e-02 -1.41860389e-01 9.87171243e-01 0.00000000e+00
9.96311178e-01 -5.46711661e-02 6.61445381e-02 2.69175281e-01 4.45857817e-02 9.88374774e-01 1.45352723e-01 4.35329944e-09 -7.33221957e-02 -1.41867436e-01 9.87166392e-01 0.00000000e+00
9.95919038e-01 -6.22280505e-02 6.53677275e-02 2.69175281e-01 5.21422386e-02 9.87904456e-01 1.46034146e-01 4.35329944e-09 -7.36644896e-02 -1.42029767e-01 9.87117566e-01 0.00000000e+00
9.95411307e-01 -7.07059384e-02 6.44748026e-02 2.69175281e-01 6.06318227e-02 9.87326206e-01 1.46665420e-01 4.35329944e-09 -7.40277783e-02 -1.42083192e-01 9.87082699e-01 0.00000000e+00
9.94725288e-01 -8.08975651e-02 6.30649248e-02 2.69175281e-01 7.09245944e-02 9.86606835e-01 1.46889941e-01 4.35329944e-09 -7.41033245e-02 -1.41642284e-01 9.87140396e-01 0.00000000e+00
9.94054090e-01 -8.97034483e-02 6.17232399e-02 2.69175281e-01 7.98579305e-02 9.85941507e-01 1.46772119e-01 4.35329944e-09 -7.40214693e-02 -1.40970335e-01 9.87242719e-01 0.00000000e+00
9.92940428e-01 -1.02441464e-01 5.97917432e-02 2.69175281e-01 9.27569207e-02 9.84796422e-01 1.46874644e-01 4.35329944e-09 -7.39287484e-02 -1.40291674e-01 9.87346336e-01 0.00000000e+00
9.91756077e-01 -1.14209117e-01 5.81047374e-02 2.69175285e-01 1.04590514e-01 9.83460928e-01 1.47869631e-01 -1.10966122e-01 -7.40317989e-02 -1.40573400e-01 9.87298542e-01 0.00000000e+00
9.90446592e-01 -1.25812333e-01 5.64517919e-02 2.69175285e-01 1.16195877e-01 9.81888158e-01 1.49646793e-01 -1.10966122e-01 -7.42567580e-02 -1.41657690e-01 9.87126655e-01 0.00000000e+00
9.88854822e-01 -1.38451761e-01 5.47471562e-02 2.69175285e-01 1.28841650e-01 9.80052266e-01 1.51318819e-01 -1.10966122e-01 -7.46054314e-02 -1.42578630e-01 9.86967762e-01 0.00000000e+00
9.86985954e-01 -1.51743809e-01 5.32216492e-02 2.69175285e-01 1.42191186e-01 9.78119083e-01 1.51870755e-01 -1.10966122e-01 -7.51025575e-02 -1.42326653e-01 9.86966428e-01 0.00000000e+00
9.84651315e-01 -1.66674338e-01 5.17827478e-02 1.79450189e-01 1.57215020e-01 9.75862206e-01 1.51579658e-01 -1.10966124e-01 -7.57972657e-02 -1.41112084e-01 9.87087714e-01 0.00000000e+00
9.82194279e-01 -1.80974677e-01 5.04238577e-02 1.79450189e-01 1.71652937e-01 9.73573134e-01 1.50634067e-01 -1.10966124e-01 -7.63522646e-02 -1.39296515e-01 9.87302797e-01 0.00000000e+00
9.80272386e-01 -1.91378748e-01 4.93986318e-02 1.79450189e-01 1.82207733e-01 9.71849749e-01 1.49359990e-01 -1.10966124e-01 -7.65923759e-02 -1.37412661e-01 9.87548160e-01 0.00000000e+00
9.77597674e-01 -2.04905970e-01 4.81282838e-02 1.79450189e-01 1.95991627e-01 9.69552335e-01 1.46818089e-01 -1.10966124e-01 -7.67467928e-02 -1.34096281e-01 9.87991962e-01 0.00000000e+00
9.74686494e-01 -2.18683677e-01 4.65154506e-02 1.79450189e-01 2.10044019e-01 9.66938319e-01 1.44609118e-01 -1.10966124e-01 -7.66012252e-02 -1.31178262e-01 9.88394919e-01 0.00000000e+00
9.72120521e-01 -2.30143225e-01 4.48975276e-02 1.79450189e-01 2.21695630e-01 9.64470471e-01 1.43693278e-01 -1.10966124e-01 -7.63723740e-02 -1.29733599e-01 9.88603284e-01 0.00000000e+00
9.68631713e-01 -2.44817321e-01 4.26272741e-02 1.79450189e-01 2.36593649e-01 9.61011915e-01 1.43106761e-01 -1.10966124e-01 -7.60003321e-02 -1.28532404e-01 9.88788840e-01 0.00000000e+00
9.64459837e-01 -2.61328426e-01 3.90470993e-02 1.79450189e-01 2.53456880e-01 9.56747234e-01 1.42808757e-01 -1.10966124e-01 -7.46781920e-02 -1.27836555e-01 9.88979769e-01 0.00000000e+00
9.61768359e-01 -2.71527179e-01 3.57017446e-02 1.79450189e-01 2.64017512e-01 9.53918294e-01 1.42599584e-01 -1.10966124e-01 -7.27762102e-02 -1.27721883e-01 9.89136363e-01 0.00000000e+00
9.57595898e-01 -2.86634251e-01 2.91702454e-02 1.79450189e-01 2.79858051e-01 9.49438330e-01 1.42289597e-01 -1.10966124e-01 -6.84804211e-02 -1.28092406e-01 9.89395152e-01 0.00000000e+00
9.52940916e-01 -3.02291065e-01 2.28849745e-02 1.79450189e-01 2.96155670e-01 9.44408463e-01 1.42774204e-01 -1.10966124e-01 -6.47721299e-02 -1.29277866e-01 9.89490679e-01 0.00000000e+00
9.49056774e-01 -3.14493303e-01 1.96265493e-02 1.79450189e-01 3.08569372e-01 9.40187423e-01 1.44334862e-01 -1.10966124e-01 -6.38449821e-02 -1.30925826e-01 9.89334244e-01 0.00000000e+00
9.44353323e-01 -3.28500596e-01 1.68570113e-02 1.79450189e-01 3.22628092e-01 9.35021240e-01 1.47127142e-01 -1.10966124e-01 -6.40930173e-02 -1.33501460e-01 9.88973936e-01 0.00000000e+00
9.39380775e-01 -3.42579911e-01 1.42395236e-02 1.79450189e-01 3.36729589e-01 9.29574248e-01 1.50016336e-01 -1.10966124e-01 -6.46292776e-02 -1.36127593e-01 9.88580970e-01 0.00000000e+00
9.34581467e-01 -3.55573996e-01 1.11631294e-02 1.79450189e-01 3.49888863e-01 9.24405462e-01 1.51829924e-01 -1.10966124e-01 -6.43060305e-02 -1.37991578e-01 9.88343593e-01 0.00000000e+00
9.28782385e-01 -3.70569335e-01 6.45356392e-03 1.79450189e-01 3.65303464e-01 9.18246847e-01 1.52892470e-01 -1.10966124e-01 -6.25832256e-02 -1.39646324e-01 9.88221759e-01 0.00000000e+00
9.23952136e-01 -3.82494718e-01 3.20016909e-03 1.79450189e-01 3.77520992e-01 9.13220376e-01 1.53318116e-01 -1.10966124e-01 -6.15658293e-02 -1.40450470e-01 9.88171703e-01 0.00000000e+00
9.19925095e-01 -3.92086404e-01 2.46392691e-03 8.97250945e-02 3.87089819e-01 9.09166874e-01 1.53548259e-01 -2.21932252e-01 -6.24443054e-02 -1.40299136e-01 9.88138078e-01 0.00000000e+00
9.16183224e-01 -4.00740071e-01 3.96170476e-03 8.97250945e-02 3.95432952e-01 9.05567988e-01 1.53555853e-01 -2.21932252e-01 -6.51235763e-02 -1.39118708e-01 9.88132028e-01 0.00000000e+00
9.12800719e-01 -4.08355492e-01 6.37487904e-03 8.97250945e-02 4.02648434e-01 9.02435981e-01 1.53243398e-01 -2.21932252e-01 -6.83307032e-02 -1.37313849e-01 9.88167912e-01 0.00000000e+00
9.09592326e-01 -4.15407844e-01 8.83874104e-03 8.97250945e-02 4.09343462e-01 8.99556858e-01 1.52431592e-01 -2.21932252e-01 -7.12722293e-02 -1.35032526e-01 9.88274499e-01 0.00000000e+00
9.05446360e-01 -4.24252014e-01 1.33086015e-02 8.97250945e-02 4.17640491e-01 8.96057744e-01 1.50522223e-01 -2.21932252e-01 -7.57846314e-02 -1.30731588e-01 9.88517042e-01 0.00000000e+00
9.03540500e-01 -4.28243666e-01 1.48972129e-02 8.97250945e-02 4.21431413e-01 8.94382644e-01 1.49917478e-01 -2.21932252e-01 -7.75250190e-02 -1.29178359e-01 9.88586275e-01 0.00000000e+00
8.97940802e-01 -4.39801834e-01 1.66331749e-02 8.97250945e-02 4.32638017e-01 8.88990079e-01 1.50069934e-01 -2.21932252e-01 -8.07877596e-02 -1.27557773e-01 9.88535458e-01 0.00000000e+00
8.94410670e-01 -4.46935693e-01 1.66745286e-02 8.97250945e-02 4.39621037e-01 8.85404943e-01 1.50968310e-01 -2.21932252e-01 -8.22368362e-02 -1.27697194e-01 9.88397961e-01 0.00000000e+00
8.87849489e-01 -4.59882731e-01 1.52038994e-02 8.97250945e-02 4.52485300e-01 8.78613884e-01 1.52626001e-01 -2.21932252e-01 -8.35484194e-02 -1.28629376e-01 9.88167063e-01 0.00000000e+00
8.81288366e-01 -4.72454079e-01 1.08608989e-02 8.97250956e-02 4.65411204e-01 8.71680004e-01 1.53513458e-01 -3.32898378e-01 -8.19952881e-02 -1.30234841e-01 9.88086868e-01 0.00000000e+00
8.77623054e-01 -4.79295085e-01 7.34819946e-03 8.97250956e-02 4.72613623e-01 8.67746659e-01 1.53792392e-01 -3.32898378e-01 -8.00883132e-02 -1.31498890e-01 9.88075859e-01 0.00000000e+00
8.73813849e-01 -4.86248476e-01 3.43174949e-03 8.97250956e-02 4.80007337e-01 8.63683416e-01 1.53765774e-01 -3.32898378e-01 -7.77323182e-02 -1.32715398e-01 9.88101366e-01 0.00000000e+00
8.67277850e-01 -4.97815188e-01 -3.02820212e-03 8.97250956e-02 4.92365038e-01 8.56852647e-01 1.52905889e-01 -3.32898378e-01 -7.35241510e-02 -1.34102872e-01 9.88236115e-01 0.00000000e+00
8.60710878e-01 -5.08997206e-01 -9.93119802e-03 8.97250956e-02 5.04455107e-01 8.50078123e-01 1.51301782e-01 -3.32898378e-01 -6.85698900e-02 -1.35236933e-01 9.88437728e-01 0.00000000e+00
8.53874024e-01 -5.20231047e-01 -1.60875098e-02 8.97250956e-02 5.16545684e-01 8.43222009e-01 1.48852948e-01 -3.32898378e-01 -6.38725826e-02 -1.35411599e-01 9.88728472e-01 0.00000000e+00
8.48667541e-01 -5.28608367e-01 -1.83466470e-02 8.97250968e-02 5.25299315e-01 8.38284917e-01 1.46078838e-01 -4.43864503e-01 -6.18387785e-02 -1.33609849e-01 9.89102812e-01 0.00000000e+00
8.44497391e-01 -5.35243522e-01 -1.83991425e-02 8.97250968e-02 5.32047065e-01 8.34535028e-01 1.43098591e-01 -4.43864503e-01 -6.12378649e-02 -1.30635597e-01 9.89537399e-01 0.00000000e+00
8.40286612e-01 -5.41859347e-01 -1.75173689e-02 8.97250968e-02 5.38722363e-01 8.30926105e-01 1.39068409e-01 -4.43864503e-01 -6.07998781e-02 -1.26294321e-01 9.90127830e-01 0.00000000e+00
8.37530065e-01 -5.46137662e-01 -1.66446539e-02 8.97250968e-02 5.43107868e-01 8.28776238e-01 1.34773109e-01 -4.43864503e-01 -5.98099771e-02 -1.21916373e-01 9.90736678e-01 0.00000000e+00
8.35253391e-01 -5.49663757e-01 -1.48838029e-02 8.97250968e-02 5.46749131e-01 8.27338054e-01 1.28752209e-01 -4.43864503e-01 -5.84564862e-02 -1.15678425e-01 9.91565097e-01 0.00000000e+00
8.33707231e-01 -5.52039390e-01 -1.35928529e-02 8.97250968e-02 5.49162656e-01 8.26279095e-01 1.25232721e-01 -4.43864503e-01 -5.79019045e-02 -1.11872112e-01 9.92034274e-01 0.00000000e+00
8.31813986e-01 -5.54913933e-01 -1.24908199e-02 8.97250981e-02 5.51945463e-01 8.24566751e-01 1.24281447e-01 -5.54830630e-01 -5.86659915e-02 -1.10273297e-01 9.92168384e-01 0.00000000e+00
8.30373605e-01 -5.57085372e-01 -1.16432371e-02 1.79450198e-01 5.53924261e-01 8.23036374e-01 1.25614653e-01 -5.54830629e-01 -6.03952778e-02 -1.10756564e-01 9.92010783e-01 0.00000000e+00
8.28472646e-01 -5.59899187e-01 -1.20820447e-02 1.79450198e-01 5.56556582e-01 8.20744447e-01 1.28931467e-01 -5.54830629e-01 -6.22723526e-02 -1.13540535e-01 9.91579901e-01 0.00000000e+00
8.26048728e-01 -5.63402949e-01 -1.48531681e-02 1.79450198e-01 5.60046471e-01 8.17602998e-01 1.33691018e-01 -5.54830629e-01 -6.31779192e-02 -1.18753760e-01 9.90911749e-01 0.00000000e+00
8.23353984e-01 -5.67208895e-01 -1.90337902e-02 1.79450198e-01 5.63935602e-01 8.13914073e-01 1.39715849e-01 -5.54830629e-01 -6.37562025e-02 -1.25769433e-01 9.90008685e-01 0.00000000e+00
8.20940902e-01 -5.70490766e-01 -2.44196795e-02 1.79450198e-01 5.67478056e-01 8.10360789e-01 1.45890531e-01 -5.54830629e-01 -6.34404503e-02 -1.33625137e-01 9.88999308e-01 0.00000000e+00
8.20189217e-01 -5.71280173e-01 -3.04731543e-02 1.79450198e-01 5.68818114e-01 8.08646655e-01 1.50121754e-01 -5.54830629e-01 -6.11195671e-02 -1.40461926e-01 9.88197777e-01 0.00000000e+00
8.20510013e-01 -5.70497026e-01 -3.60064179e-02 1.79450201e-01 5.68685444e-01 8.08271962e-01 1.52621429e-01 -6.65796754e-01 -5.79670934e-02 -1.45703737e-01 9.87628593e-01 0.00000000e+00
8.20734500e-01 -5.69738672e-01 -4.23405911e-02 1.79450201e-01 5.68765691e-01 8.07846379e-01 1.54563308e-01 -6.65796754e-01 -5.38560008e-02 -1.50937315e-01 9.87075204e-01 0.00000000e+00
8.20169001e-01 -5.70272610e-01 -4.59560693e-02 1.79450201e-01 5.69825122e-01 8.07048227e-01 1.54830518e-01 -6.65796754e-01 -5.12068396e-02 -1.53174114e-01 9.86871598e-01 0.00000000e+00
8.19183869e-01 -5.71391830e-01 -4.94890523e-02 1.79450201e-01 5.71508057e-01 8.06008924e-01 1.54039461e-01 -6.65796754e-01 -4.81282717e-02 -1.54470034e-01 9.86824543e-01 0.00000000e+00
8.18344705e-01 -5.72346139e-01 -5.22670216e-02 1.79450201e-01 5.72921788e-01 8.05189114e-01 1.53072259e-01 -6.65796754e-01 -4.55254794e-02 -1.55210788e-01 9.86831821e-01 0.00000000e+00
8.17945515e-01 -5.72768413e-01 -5.38653844e-02 1.79450201e-01 5.73606438e-01 8.04791110e-01 1.52600534e-01 -6.65796754e-01 -4.40543830e-02 -1.55716453e-01 9.86818928e-01 0.00000000e+00
8.17751605e-01 -5.72975995e-01 -5.45968982e-02 1.79450201e-01 5.73943072e-01 8.04631512e-01 1.52175820e-01 -6.65796754e-01 -4.32627072e-02 -1.55777533e-01 9.86844313e-01 0.00000000e+00
8.17961610e-01 -5.72647210e-01 -5.48997054e-02 1.79450201e-01 5.73683479e-01 8.04889917e-01 1.51787642e-01 -6.65796754e-01 -4.27325502e-02 -1.55651518e-01 9.86887296e-01 0.00000000e+00
8.18804329e-01 -5.71416244e-01 -5.51629146e-02 1.79450201e-01 5.72527778e-01 8.05777172e-01 1.51443367e-01 -6.65796754e-01 -4.20881827e-02 -1.55584785e-01 9.86925509e-01 0.00000000e+00
8.20042620e-01 -5.69633550e-01 -5.52061563e-02 1.79450201e-01 5.70788093e-01 8.07045799e-01 1.51254857e-01 -6.65796754e-01 -4.16059448e-02 -1.55546446e-01 9.86951999e-01 0.00000000e+00
8.21895162e-01 -5.66994663e-01 -5.48214789e-02 1.79450201e-01 5.68145886e-01 8.08973122e-01 1.50906399e-01 -6.65796754e-01 -4.12140198e-02 -1.55175837e-01 9.87026780e-01 0.00000000e+00
8.24428894e-01 -5.63405777e-01 -5.37673614e-02 1.79450201e-01 5.64486074e-01 8.11690130e-01 1.50048679e-01 -6.65796754e-01 -4.08958558e-02 -1.54055393e-01 9.87215511e-01 0.00000000e+00
8.27204404e-01 -5.59462076e-01 -5.22977898e-02 1.79450203e-01 5.60429916e-01 8.14726596e-01 1.48791406e-01 -7.76762880e-01 -4.06347487e-02 -1.52390152e-01 9.87484713e-01 0.00000000e+00
8.31907553e-01 -5.52696428e-01 -4.95629047e-02 1.79450203e-01 5.53423363e-01 8.19813732e-01 1.47064699e-01 -7.76762880e-01 -4.06497841e-02 -1.49773504e-01 9.87884352e-01 0.00000000e+00
8.35116867e-01 -5.48002424e-01 -4.76776769e-02 1.79450203e-01 5.48540022e-01 8.23190568e-01 1.46496186e-01 -7.76762880e-01 -4.10324512e-02 -1.48494550e-01 9.88061590e-01 0.00000000e+00
8.39928207e-01 -5.40839989e-01 -4.48632651e-02 1.79450203e-01 5.41080927e-01 8.28183897e-01 1.46091968e-01 -7.76762880e-01 -4.18573449e-02 -1.46981422e-01 9.88253219e-01 0.00000000e+00
8.44832536e-01 -5.33417389e-01 -4.15195833e-02 1.79450203e-01 5.33268318e-01 8.33216465e-01 1.46202680e-01 -7.76762880e-01 -4.33922516e-02 -1.45657860e-01 9.88382973e-01 0.00000000e+00
8.48726360e-01 -5.27467502e-01 -3.79684224e-02 2.69175305e-01 5.26849200e-01 8.37149755e-01 1.47004108e-01 -7.76762877e-01 -4.57546341e-02 -1.44769895e-01 9.88406896e-01 0.00000000e+00
8.52274195e-01 -5.21987908e-01 -3.40194211e-02 2.69175305e-01 5.20810355e-01 8.40682925e-01 1.48353610e-01 -7.76762877e-01 -4.88392440e-02 -1.44155620e-01 9.88349071e-01 0.00000000e+00
8.55468565e-01 -5.16978757e-01 -3.01081277e-02 2.69175305e-01 5.15231192e-01 8.43849898e-01 1.49847150e-01 -7.76762877e-01 -5.20610529e-02 -1.43702173e-01 9.88250642e-01 0.00000000e+00
8.58240459e-01 -5.12561741e-01 -2.65287744e-02 2.69175309e-01 5.10286481e-01 8.46603552e-01 1.51228743e-01 -8.87729005e-01 -5.50547129e-02 -1.43327900e-01 9.88142749e-01 0.00000000e+00
8.61122823e-01 -5.07903697e-01 -2.23901345e-02 2.69175309e-01 5.04999570e-01 8.49455439e-01 1.52973496e-01 -8.87729005e-01 -5.86763826e-02 -1.43035977e-01 9.87976615e-01 0.00000000e+00
8.63270778e-01 -5.04378261e-01 -1.91346175e-02 2.69175309e-01 5.00964472e-01 8.51566832e-01 1.54494432e-01 -8.87729005e-01 -6.16292274e-02 -1.42956292e-01 9.87808350e-01 0.00000000e+00
8.65975353e-01 -4.99864316e-01 -1.49115041e-02 2.69175309e-01 4.95760394e-01 8.54188336e-01 1.56792598e-01 -8.87729005e-01 -6.56377921e-02 -1.43171059e-01 9.87518976e-01 0.00000000e+00
8.68239113e-01 -4.96019570e-01 -1.11994558e-02 2.69175309e-01 4.91285326e-01 8.56362105e-01 1.59005266e-01 -8.87729005e-01 -6.92789343e-02 -1.43556720e-01 9.87214211e-01 0.00000000e+00
8.70788113e-01 -4.91610167e-01 -6.89251275e-03 2.69175309e-01 4.86148266e-01 8.58851262e-01 1.61351705e-01 -8.87729005e-01 -7.34024952e-02 -1.43853930e-01 9.86872900e-01 0.00000000e+00
8.73085483e-01 -4.87561979e-01 -2.24862160e-03 2.69175312e-01 4.81336520e-01 8.61184170e-01 1.63330889e-01 -9.98695130e-01 -7.76974541e-02 -1.43684172e-01 9.86568783e-01 0.00000000e+00
8.74555946e-01 -4.84923405e-01 1.08997721e-03 2.69175312e-01 4.78159696e-01 8.62727427e-01 1.64513503e-01 -9.98695130e-01 -8.07168011e-02 -1.43355079e-01 9.86374229e-01 0.00000000e+00
8.77393403e-01 -4.79747843e-01 4.77736256e-03 2.69175312e-01 4.72465984e-01 8.65721296e-01 1.65234776e-01 -9.98695130e-01 -8.34068920e-02 -1.42718761e-01 9.86242691e-01 0.00000000e+00
8.81873212e-01 -4.71438019e-01 6.76996240e-03 1.79450208e-01 4.64062195e-01 8.70435122e-01 1.64283223e-01 -9.98695132e-01 -8.33421701e-02 -1.41735290e-01 9.86389979e-01 0.00000000e+00
8.85986376e-01 -4.63649975e-01 7.53944678e-03 1.79450210e-01 4.56386861e-01 8.74755161e-01 1.62832557e-01 -1.10966126e+00 -8.20924809e-02 -1.40826523e-01 9.86624911e-01 0.00000000e+00
8.90267248e-01 -4.55364607e-01 8.20377047e-03 1.79450210e-01 4.48223775e-01 8.79215630e-01 1.61478553e-01 -1.10966126e+00 -8.07445009e-02 -1.40081942e-01 9.86842123e-01 0.00000000e+00
8.95941147e-01 -4.44074646e-01 9.33651693e-03 1.79450210e-01 4.37028711e-01 8.85090904e-01 1.60062478e-01 -1.10966126e+00 -7.93433546e-02 -1.39326234e-01 9.87062730e-01 0.00000000e+00
9.00326283e-01 -4.35099740e-01 1.00399034e-02 1.79450210e-01 4.28142640e-01 8.89600952e-01 1.59072389e-01 -1.10966126e+00 -7.81438627e-02 -1.38918542e-01 9.87215871e-01 0.00000000e+00
9.05431488e-01 -4.24366680e-01 1.03315821e-02 1.79450210e-01 4.17562546e-01 8.94766249e-01 1.58224143e-01 -1.10966126e+00 -7.63894052e-02 -1.38947039e-01 9.87349168e-01 0.00000000e+00
9.11348445e-01 -4.11524049e-01 9.59005062e-03 1.79450210e-01 4.04991723e-01 9.00564273e-01 1.58005366e-01 -1.10966126e+00 -7.36594650e-02 -1.40114054e-01 9.87391683e-01 0.00000000e+00
9.17162456e-01 -3.98428140e-01 8.24903915e-03 1.79450212e-01 3.92227497e-01 9.06164047e-01 1.58190744e-01 -1.22062738e+00 -7.05026266e-02 -1.41851111e-01 9.87374114e-01 0.00000000e+00
9.22802785e-01 -3.85204776e-01 7.23184381e-03 1.79450212e-01 3.79332472e-01 9.11698270e-01 1.57838972e-01 -1.22062738e+00 -6.73935853e-02 -1.42910970e-01 9.87438383e-01 0.00000000e+00
9.27811609e-01 -3.72989596e-01 6.66176467e-03 1.79450212e-01 3.67428496e-01 9.16775100e-01 1.56587725e-01 -1.22062738e+00 -6.45129324e-02 -1.42836187e-01 9.87641587e-01 0.00000000e+00
9.32800939e-01 -3.60338246e-01 6.22556461e-03 1.79450212e-01 3.55106871e-01 9.21931815e-01 1.54728273e-01 -1.22062738e+00 -6.14940604e-02 -1.42119937e-01 9.87937449e-01 0.00000000e+00
9.37819657e-01 -3.47062727e-01 6.46185113e-03 1.79450212e-01 3.42080253e-01 9.27197379e-01 1.52597903e-01 -1.22062738e+00 -5.89524556e-02 -1.40898841e-01 9.88267233e-01 0.00000000e+00
9.44232882e-01 -3.29176626e-01 8.18617120e-03 1.79450212e-01 3.24320158e-01 9.34025341e-01 1.49710046e-01 -1.22062738e+00 -5.69271391e-02 -1.38706208e-01 9.88696055e-01 0.00000000e+00
9.50190628e-01 -3.11475238e-01 1.09975705e-02 1.79450214e-01 3.06609101e-01 9.40513975e-01 1.46370496e-01 -1.33159351e+00 -5.59341540e-02 -1.35707919e-01 9.89168707e-01 0.00000000e+00
9.56210996e-01 -2.92322916e-01 1.44168200e-02 1.79450214e-01 2.87328550e-01 9.46968482e-01 1.43850612e-01 -1.33159351e+00 -5.57031045e-02 -1.33409173e-01 9.89494394e-01 0.00000000e+00
9.62200938e-01 -2.71699291e-01 1.86775323e-02 2.69175322e-01 2.66330619e-01 9.53080160e-01 1.43896524e-01 -1.33159351e+00 -5.68977691e-02 -1.33482972e-01 9.89416464e-01 0.00000000e+00
9.66865771e-01 -2.54270380e-01 2.27410284e-02 2.69175322e-01 2.48428763e-01 9.57663792e-01 1.45475807e-01 -1.33159351e+00 -5.87684482e-02 -1.35006053e-01 9.89100417e-01 0.00000000e+00
9.71330156e-01 -2.36318419e-01 2.59100823e-02 2.69175322e-01 2.30042459e-01 9.61802628e-01 1.48378471e-01 -1.33159351e+00 -5.99849509e-02 -1.38164064e-01 9.88591168e-01 0.00000000e+00
9.75169602e-01 -2.19868375e-01 2.64980193e-02 2.69175322e-01 2.13417503e-01 9.64958114e-01 1.52672224e-01 -1.33159351e+00 -5.91372725e-02 -1.43226170e-01 9.87921579e-01 0.00000000e+00
9.78335186e-01 -2.05431000e-01 2.56586843e-02 2.69175322e-01 1.98953857e-01 9.67208112e-01 1.57879168e-01 -1.33159351e+00 -5.72505631e-02 -1.49353851e-01 9.87125018e-01 0.00000000e+00
9.81288497e-01 -1.90908925e-01 2.50333445e-02 2.69175322e-01 1.84370606e-01 9.69138564e-01 1.63639616e-01 -1.33159351e+00 -5.55010428e-02 -1.55962260e-01 9.86202519e-01 0.00000000e+00
9.84800354e-01 -1.71576127e-01 2.70165734e-02 2.69175322e-01 1.64543911e-01 9.71396686e-01 1.71212677e-01 -1.33159351e+00 -5.56198179e-02 -1.64164892e-01 9.84863607e-01 0.00000000e+00
9.86464547e-01 -1.61367784e-01 2.91227686e-02 3.58900435e-01 1.53880973e-01 9.72374299e-01 1.75524555e-01 -1.44255963e+00 -5.66422401e-02 -1.68667311e-01 9.84044204e-01 0.00000000e+00
9.88589727e-01 -1.47196098e-01 3.19946861e-02 3.58900435e-01 1.39134958e-01 9.73684017e-01 1.80501798e-01 -1.44255963e+00 -5.77218750e-02 -1.73990644e-01 9.83054139e-01 0.00000000e+00
9.90565619e-01 -1.32961879e-01 3.31796986e-02 3.58900435e-01 1.24828558e-01 9.75362730e-01 1.81893860e-01 -1.44255963e+00 -5.65471907e-02 -1.76036030e-01 9.82758226e-01 0.00000000e+00
9.91778349e-01 -1.23577356e-01 3.32316689e-02 3.58900435e-01 1.15636167e-01 9.76684922e-01 1.80872441e-01 -1.44255963e+00 -5.48086080e-02 -1.75542588e-01 9.82944971e-01 0.00000000e+00
9.92851095e-01 -1.14494818e-01 3.37289199e-02 3.58900435e-01 1.06658288e-01 9.77888200e-01 1.79885179e-01 -1.44255963e+00 -5.35790336e-02 -1.75001728e-01 9.83109191e-01 0.00000000e+00
9.93770280e-01 -1.05704347e-01 3.53160146e-02 3.58900435e-01 9.77320101e-02 9.78855514e-01 1.79695123e-01 -1.44255963e+00 -5.35638313e-02 -1.75124168e-01 9.83088217e-01 0.00000000e+00
9.94590323e-01 -9.68069978e-02 3.76629074e-02 3.58900435e-01 8.85608115e-02 9.79744572e-01 1.79603887e-01 -1.44255963e+00 -5.42869422e-02 -1.75296830e-01 9.83017777e-01 0.00000000e+00
9.95191189e-01 -8.93739220e-02 4.00849006e-02 3.58900440e-01 8.07991886e-02 9.80371341e-01 1.79843058e-01 -1.55352576e+00 -5.53713672e-02 -1.75739399e-01 9.82878261e-01 0.00000000e+00
9.95534149e-01 -8.44230428e-02 4.22434282e-02 3.58900440e-01 7.55044781e-02 9.80675368e-01 1.80485168e-01 -1.55352576e+00 -5.66641966e-02 -1.76489581e-01 9.82670136e-01 0.00000000e+00
9.95737040e-01 -8.06519430e-02 4.47550056e-02 3.58900440e-01 7.12813553e-02 9.80794075e-01 1.81554264e-01 -1.55352576e+00 -5.85381485e-02 -1.77590108e-01 9.82361969e-01 0.00000000e+00
9.95920182e-01 -7.70593759e-02 4.69557589e-02 3.58900440e-01 6.72531749e-02 9.80782796e-01 1.83145075e-01 -1.55352576e+00 -6.01664456e-02 -1.79239952e-01 9.81963868e-01 0.00000000e+00
9.96110770e-01 -7.41693764e-02 4.75629909e-02 3.58900440e-01 6.42022192e-02 9.80695115e-01 1.84702916e-01 -1.55352576e+00 -6.03440929e-02 -1.80930914e-01 9.81642804e-01 0.00000000e+00
9.96305050e-01 -7.15911945e-02 4.74441596e-02 3.58900440e-01 6.15742725e-02 9.80518045e-01 1.86528743e-01 -1.55352576e+00 -5.98736701e-02 -1.82918189e-01 9.81303256e-01 0.00000000e+00
9.96470476e-01 -6.96397375e-02 4.68710723e-02 3.58900440e-01 5.96521189e-02 9.80297277e-01 1.88305266e-01 -1.55352576e+00 -5.90611138e-02 -1.84844679e-01 9.80991452e-01 0.00000000e+00
9.96596189e-01 -6.84642041e-02 4.59204607e-02 3.58900440e-01 5.85818679e-02 9.80067690e-01 1.89830154e-01 -1.55352576e+00 -5.80017302e-02 -1.86493902e-01 9.80742486e-01 0.00000000e+00
9.96668846e-01 -6.82134148e-02 4.47005773e-02 3.58900440e-01 5.85153438e-02 9.79910521e-01 1.90660238e-01 -1.55352576e+00 -5.68081518e-02 -1.87409449e-01 9.80637819e-01 0.00000000e+00
9.96666068e-01 -6.95757231e-02 4.26141631e-02 3.58900444e-01 6.01721068e-02 9.79550685e-01 1.91988990e-01 -1.66449188e+00 -5.51005055e-02 -1.88784728e-01 9.80471448e-01 0.00000000e+00
9.96525843e-01 -7.34123493e-02 3.93302836e-02 3.58900444e-01 6.44246470e-02 9.78768680e-01 1.94579897e-01 -1.66449188e+00 -5.27798172e-02 -1.91370057e-01 9.80097848e-01 0.00000000e+00
9.96383698e-01 -7.64851427e-02 3.70074353e-02 3.58900444e-01 6.77931822e-02 9.78178370e-01 1.96395419e-01 -1.66449188e+00 -5.12212044e-02 -1.93176342e-01 9.79826153e-01 0.00000000e+00
9.95994673e-01 -8.30522672e-02 3.31199527e-02 3.58900444e-01 7.48158832e-02 9.76949677e-01 1.99929770e-01 -1.66449188e+00 -4.89611478e-02 -1.96651087e-01 9.79250303e-01 0.00000000e+00
9.95453124e-01 -9.01684974e-02 3.07037574e-02 3.58900444e-01 8.21171946e-02 9.75715180e-01 2.03068102e-01 -1.66449188e+00 -4.82684678e-02 -1.99623470e-01 9.78683108e-01 0.00000000e+00
9.94649319e-01 -9.91796052e-02 2.89160607e-02 3.58900444e-01 9.11501988e-02 9.74249810e-01 2.06225480e-01 -1.66449188e+00 -4.86248283e-02 -2.02486328e-01 9.78077151e-01 0.00000000e+00
9.93732760e-01 -1.08436350e-01 2.71433090e-02 3.58900444e-01 1.00351793e-01 9.72386011e-01 2.10701123e-01 -1.66449188e+00 -4.92414346e-02 -2.06656728e-01 9.77173617e-01 0.00000000e+00
9.93013219e-01 -1.15379180e-01 2.47465428e-02 2.69175333e-01 1.07299940e-01 9.70136360e-01 2.17536586e-01 -1.66449188e+00 -4.91067138e-02 -2.13361403e-01 9.75738409e-01 0.00000000e+00
