-8.35375522e-01 5.38562801e-01 1.09990214e-01 -0.00000000e+00 -5.49491341e-01 -8.12962741e-01 -1.92745554e-01 0.00000000e+00 -1.43876398e-02 -2.21453587e-01 9.75064769e-01 0.00000000e+00
-8.34794017e-01 5.39489291e-01 1.09864707e-01 -0.00000000e+00 -5.50373044e-01 -8.12489939e-01 -1.92222819e-01 0.00000000e+00 -1.44381832e-02 -2.20933032e-01 9.75182103e-01 0.00000000e+00
-8.34559585e-01 5.39859763e-01 1.09825929e-01 -0.00000000e+00 -5.50726431e-01 -8.12272108e-01 -1.92131259e-01 0.00000000e+00 -1.45153972e-02 -2.20829026e-01 9.75204514e-01 0.00000000e+00
-8.34319333e-01 5.40221418e-01 1.09872974e-01 -0.00000000e+00 -5.51086167e-01 -8.11986618e-01 -1.92306445e-01 0.00000000e+00 -1.46726758e-02 -2.20994461e-01 9.75164684e-01 0.00000000e+00
-8.34095824e-01 5.40554248e-01 1.09932987e-01 -0.00000000e+00 -5.51418812e-01 -8.11690290e-01 -1.92603649e-01 0.00000000e+00 -1.48811827e-02 -2.21269017e-01 9.75099263e-01 0.00000000e+00
-8.33687120e-01 5.41227772e-01 1.09719114e-01 -0.00000000e+00 -5.52027564e-01 -8.11284599e-01 -1.92569128e-01 0.00000000e+00 -1.52103325e-02 -2.21110377e-01 9.75130169e-01 0.00000000e+00
-8.33350765e-01 5.41816852e-01 1.09366362e-01 -0.00000000e+00 -5.52529626e-01 -8.11041273e-01 -1.92153756e-01 0.00000000e+00 -1.54115100e-02 -2.20559634e-01 9.75251728e-01 0.00000000e+00
-8.32761409e-01 5.42866843e-01 1.08646338e-01 -0.00000000e+00 -5.53408375e-01 -8.10661053e-01 -1.91227164e-01 0.00000000e+00 -1.57355322e-02 -2.19372396e-01 9.75514298e-01 0.00000000e+00
-8.32168600e-01 5.43971019e-01 1.07661284e-01 -0.00000000e+00 -5.54289579e-01 -8.10361503e-01 -1.89940244e-01 0.00000000e+00 -1.60774282e-02 -2.17737834e-01 9.75874865e-01 0.00000000e+00
-8.31782895e-01 5.44780230e-01 1.06544439e-01 -1.61076021e-10 -5.54860484e-01 -8.10313382e-01 -1.88472989e-01 -1.10966128e-01 -1.63419736e-02 -2.15885907e-01 9.76281832e-01 0.00000000e+00
-8.31522830e-01 5.45439892e-01 1.05190817e-01 -1.61076021e-10 -5.55244300e-01 -8.10477568e-01 -1.86627647e-01 -1.10966128e-01 -1.65393655e-02 -2.13591751e-01 9.76782992e-01 0.00000000e+00
-8.31270591e-01 5.46131464e-01 1.03583918e-01 -1.61076021e-10 -5.55612600e-01 -8.10687044e-01 -1.84610819e-01 -1.10966128e-01 -1.68476366e-02 -2.11014075e-01 9.77337821e-01 0.00000000e+00
-8.30985658e-01 5.46855268e-01 1.02039955e-01 -0.00000000e+00 -5.56023046e-01 -8.10766150e-01 -1.83020827e-01 0.00000000e+00 -1.73553623e-02 -2.08824249e-01 9.77799174e-01 0.00000000e+00
-8.30563714e-01 5.47918765e-01 9.97443959e-02 -0.00000000e+00 -5.56622404e-01 -8.10802796e-01 -1.81025757e-01 0.00000000e+00 -1.83143741e-02 -2.05873391e-01 9.78407242e-01 0.00000000e+00
-8.30185127e-01 5.48822208e-01 9.79124025e-02 -0.00000000e+00 -5.57158168e-01 -8.10758610e-01 -1.79569631e-01 0.00000000e+00 -1.91684780e-02 -2.03628732e-01 9.78860516e-01 0.00000000e+00
-8.29814114e-01 5.49606423e-01 9.66504831e-02 -0.00000000e+00 -5.57688530e-01 -8.10613560e-01 -1.78575362e-01 0.00000000e+00 -1.97999737e-02 -2.02085222e-01 9.79167771e-01 0.00000000e+00
-8.29210045e-01 5.50786616e-01 9.51041780e-02 -0.00000000e+00 -5.58553717e-01 -8.10256707e-01 -1.77487505e-01 0.00000000e+00 -2.06989444e-02 -2.00295214e-01 9.79516912e-01 0.00000000e+00
-8.29021009e-01 5.51194083e-01 9.43888165e-02 -0.00000000e+00 -5.58816225e-01 -8.10147634e-01 -1.77158791e-01 0.00000000e+00 -2.11800010e-02 -1.99614362e-01 9.79645606e-01 0.00000000e+00
-8.28898151e-01 5.51596546e-01 9.31080289e-02 -1.61076021e-10 -5.58962155e-01 -8.10116204e-01 -1.76841866e-01 -1.10966128e-01 -2.21170396e-02 -1.98627760e-01 9.79825418e-01 0.00000000e+00
-8.28927776e-01 5.51789040e-01 9.16929523e-02 -1.61076021e-10 -5.58872133e-01 -8.10193274e-01 -1.76773298e-01 -1.10966128e-01 -2.32525553e-02 -1.97776933e-01 9.79971226e-01 0.00000000e+00
-8.29099266e-01 5.51837065e-01 8.98346297e-02 -1.61076021e-10 -5.58550348e-01 -8.10388059e-01 -1.76897436e-01 -1.10966128e-01 -2.48176509e-02 -1.96842698e-01 9.80120929e-01 0.00000000e+00
-8.29287499e-01 5.51797505e-01 8.83275585e-02 -1.61076021e-10 -5.58212389e-01 -8.10587296e-01 -1.77051302e-01 -1.10966128e-01 -2.60992699e-02 -1.96131969e-01 9.80230115e-01 0.00000000e+00
-8.29654297e-01 5.51606795e-01 8.60447079e-02 -1.61076021e-10 -5.57571102e-01 -8.10953014e-01 -1.77396942e-01 -1.10966128e-01 -2.80751433e-02 -1.95154178e-01 9.80370661e-01 0.00000000e+00
-8.30277051e-01 5.51156745e-01 8.28629027e-02 -1.61076021e-10 -5.56489179e-01 -8.11516201e-01 -1.78216862e-01 -1.10966128e-01 -3.09808378e-02 -1.94081679e-01 9.80496043e-01 0.00000000e+00
-8.30475018e-01 5.50987036e-01 8.20032311e-02 -1.61076021e-10 -5.56147631e-01 -8.11685401e-01 -1.78512246e-01 -1.10966128e-01 -3.17971077e-02 -1.93855863e-01 9.80514583e-01 0.00000000e+00
-8.31011093e-01 5.50498400e-01 7.98252763e-02 -1.61076021e-10 -5.55221486e-01 -8.12133213e-01 -1.79356477e-01 -1.10966128e-01 -3.39066953e-02 -1.93367930e-01 9.80540249e-01 0.00000000e+00
-8.31582226e-01 5.49979608e-01 7.74172656e-02 -1.61076021e-10 -5.54212050e-01 -8.12581977e-01 -1.80442606e-01 -1.10966128e-01 -3.63318790e-02 -1.92958446e-01 9.80534055e-01 0.00000000e+00
-8.32008944e-01 5.49627901e-01 7.53013093e-02 -8.97249371e-02 -5.53422829e-01 -8.12892100e-01 -1.81465164e-01 -1.10966128e-01 -3.85264778e-02 -1.92654103e-01 9.80510126e-01 0.00000000e+00
-8.32397959e-01 5.49327011e-01 7.31674346e-02 -8.97249371e-02 -5.52676403e-01 -8.13160999e-01 -1.82532141e-01 -1.10966128e-01 -4.07729314e-02 -1.92377297e-01 9.80473632e-01 0.00000000e+00
-8.32637366e-01 5.49199439e-01 7.13792218e-02 -8.97249371e-02 -5.52150434e-01 -8.13209712e-01 -1.83901772e-01 -1.10966128e-01 -4.29524736e-02 -1.92535555e-01 9.80349501e-01 0.00000000e+00
-8.32506878e-01 5.49511234e-01 7.04961098e-02 -8.97249371e-02 -5.52191125e-01 -8.12705794e-01 -1.85995306e-01 -1.10966128e-01 -4.49139133e-02 -1.93769698e-01 9.80018390e-01 0.00000000e+00
-8.32184312e-01 5.50005659e-01 7.04488877e-02 -8.97249371e-02 -5.52576811e-01 -8.12009069e-01 -1.87883315e-01 -1.10966128e-01 -4.61317507e-02 -1.95281969e-01 9.79661581e-01 0.00000000e+00
-8.31769169e-01 5.50599627e-01 7.07113789e-02 -8.97249371e-02 -5.53093843e-01 -8.11102204e-01 -1.90264068e-01 -1.10966128e-01 -4.74051694e-02 -1.97365814e-01 9.79183070e-01 0.00000000e+00
-8.31577243e-01 5.50836943e-01 7.11192728e-02 -8.97249371e-02 -5.53320230e-01 -8.10534710e-01 -1.92016164e-01 -1.10966128e-01 -4.81249577e-02 -1.99028005e-01 9.78811443e-01 0.00000000e+00
-8.31435836e-01 5.50950461e-01 7.18890851e-02 -8.97249371e-02 -5.53494728e-01 -8.09984546e-01 -1.93826264e-01 -1.10966128e-01 -4.85596216e-02 -2.00944331e-01 9.78398354e-01 0.00000000e+00
-8.31247179e-01 5.51156586e-01 7.24882465e-02 -8.97249371e-02 -5.53715997e-01 -8.09352285e-01 -1.95825110e-01 -1.10966128e-01 -4.92617713e-02 -2.02916972e-01 9.77956022e-01 0.00000000e+00
-8.31083654e-01 5.51434835e-01 7.22466799e-02 -8.97249371e-02 -5.53911071e-01 -8.09089674e-01 -1.96357899e-01 -1.10966128e-01 -4.98245432e-02 -2.03208076e-01 9.77867063e-01 0.00000000e+00
-8.30882139e-01 5.51809195e-01 7.17041375e-02 -8.97249371e-02 -5.54148280e-01 -8.08844451e-01 -1.96698599e-01 -1.10966128e-01 -5.05426017e-02 -2.03168077e-01 9.77838523e-01 0.00000000e+00
-8.30871514e-01 5.51950633e-01 7.07320694e-02 -8.97249371e-02 -5.54085336e-01 -8.08867721e-01 -1.96780207e-01 -1.10966128e-01 -5.14000723e-02 -2.02690671e-01 9.77892900e-01 0.00000000e+00
-8.31622821e-01 5.50942765e-01 6.97535194e-02 -8.97249371e-02 -5.52927061e-01 -8.09752351e-01 -1.96399581e-01 -1.10966128e-01 -5.17218522e-02 -2.01898982e-01 9.78039698e-01 0.00000000e+00
-8.32405722e-01 5.49856378e-01 6.89831743e-02 -8.97249371e-02 -5.51743682e-01 -8.10692177e-01 -1.95849694e-01 -1.10966128e-01 -5.17650834e-02 -2.01087436e-01 9.78204590e-01 0.00000000e+00
-8.33098077e-01 5.48939944e-01 6.79156182e-02 -8.97249371e-02 -5.50687541e-01 -8.11635328e-01 -1.94913637e-01 -1.10966128e-01 -5.18731660e-02 -1.99782461e-01 9.78466220e-01 0.00000000e+00
-8.33156272e-01 5.48944540e-01 6.71603954e-02 -8.97249371e-02 -5.50585007e-01 -8.11898113e-01 -1.94107197e-01 -1.10966128e-01 -5.20266876e-02 -1.98699135e-01 9.78678638e-01 0.00000000e+00
-8.32908597e-01 5.49482132e-01 6.58229072e-02 -8.97249371e-02 -5.50931652e-01 -8.12046521e-01 -1.92496138e-01 -1.10966128e-01 -5.23219253e-02 -1.96595611e-01 9.79087627e-01 0.00000000e+00
-8.32650670e-01 5.49989970e-01 6.48374487e-02 -8.97249371e-02 -5.51293434e-01 -8.12060293e-01 -1.91399138e-01 -1.10966128e-01 -5.26156884e-02 -1.95113080e-01 9.79368406e-01 0.00000000e+00
-8.32545299e-01 5.50256290e-01 6.39244954e-02 -8.97249371e-02 -5.51398792e-01 -8.12087260e-01 -1.90980771e-01 -1.10966128e-01 -5.31761023e-02 -1.94248033e-01 9.79510084e-01 0.00000000e+00
-8.32487214e-01 5.50411629e-01 6.33409605e-02 -8.97249371e-02 -5.51431201e-01 -8.12038079e-01 -1.91096280e-01 -1.10966128e-01 -5.37463430e-02 -1.94013392e-01 9.79525464e-01 0.00000000e+00
-8.32291424e-01 5.50703878e-01 6.33736910e-02 -8.97249371e-02 -5.51721943e-01 -8.11837781e-01 -1.91108124e-01 -1.10966128e-01 -5.37948283e-02 -1.94022308e-01 9.79521036e-01 0.00000000e+00
-8.32071361e-01 5.50957776e-01 6.40529357e-02 -8.97249371e-02 -5.52103757e-01 -8.11590307e-01 -1.91056574e-01 -1.10966128e-01 -5.32793634e-02 -1.94336570e-01 9.79486910e-01 0.00000000e+00
-8.31637914e-01 5.51433857e-01 6.55673845e-02 -8.97249359e-02 -5.52870615e-01 -8.11107202e-01 -1.90890520e-01 2.33963634e-10 -5.20813177e-02 -1.95002074e-01 9.79419077e-01 0.00000000e+00
-8.31094254e-01 5.52104072e-01 6.68089372e-02 -8.97249359e-02 -5.53786816e-01 -8.10576927e-01 -1.90486767e-01 2.33963634e-10 -5.10147367e-02 -1.95310366e-01 9.79413783e-01 0.00000000e+00
-8.30199291e-01 5.53294288e-01 6.80776664e-02 -8.97249359e-02 -5.55239374e-01 -8.09787737e-01 -1.89612920e-01 2.33963634e-10 -4.97832862e-02 -1.95215912e-01 9.79495979e-01 0.00000000e+00
-8.28574069e-01 5.55510570e-01 6.98070064e-02 -8.97249359e-02 -5.57826140e-01 -8.08424983e-01 -1.87827166e-01 2.33963634e-10 -4.79062484e-02 -1.94568893e-01 9.79718295e-01 0.00000000e+00
-8.26991793e-01 5.57624362e-01 7.16913211e-02 -8.97249359e-02 -5.60329241e-01 -8.07058306e-01 -1.86247235e-01 2.33963634e-10 -4.59969195e-02 -1.94195678e-01 9.79883831e-01 0.00000000e+00
-8.25072843e-01 5.60086959e-01 7.45479809e-02 -8.97249359e-02 -5.63355227e-01 -8.05301285e-01 -1.84717969e-01 2.33963634e-10 -4.34245407e-02 -1.94402775e-01 9.79960137e-01 0.00000000e+00
-8.22464220e-01 5.63338778e-01 7.87529527e-02 -8.97249359e-02 -5.67421014e-01 -8.02851193e-01 -1.82929919e-01 2.33963634e-10 -3.98246150e-02 -1.95139393e-01 9.79966641e-01 0.00000000e+00
-8.20345604e-01 5.65855280e-01 8.27096855e-02 -8.97249359e-02 -5.70698521e-01 -8.00815001e-01 -1.81654983e-01 2.33963634e-10 -3.65552743e-02 -1.96222162e-01 9.79877837e-01 0.00000000e+00
-8.18784495e-01 5.67479116e-01 8.69448387e-02 -8.97249359e-02 -5.73138755e-01 -7.99219157e-01 -1.80999190e-01 2.33963634e-10 -3.32252793e-02 -1.98030786e-01 9.79632527e-01 0.00000000e+00
-8.17554509e-01 5.68528541e-01 9.15419162e-02 -0.00000000e+00 -5.75082684e-01 -7.97870786e-01 -1.80781956e-01 0.00000000e+00 -2.97410808e-02 -2.00443274e-01 9.79253778e-01 0.00000000e+00
-8.16208056e-01 5.69793150e-01 9.56042652e-02 -0.00000000e+00 -5.77142905e-01 -7.96464624e-01 -1.80416655e-01 0.00000000e+00 -2.66547589e-02 -2.02434851e-01 9.78932917e-01 0.00000000e+00
-8.14875001e-01 5.71449751e-01 9.70768530e-02 -1.01229407e-10 -5.79080067e-01 -7.95255776e-01 -1.79539763e-01 1.10966129e-01 -2.53970251e-02 -2.02517735e-01 9.78949211e-01 0.00000000e+00
-8.13417589e-01 5.73547547e-01 9.69280000e-02 -1.01229407e-10 -5.81130411e-01 -7.94043864e-01 -1.78274472e-01 1.10966129e-01 -2.52838026e-02 -2.01339400e-01 9.79195167e-01 0.00000000e+00
-8.11583306e-01 5.76159961e-01 9.68103150e-02 -1.01229407e-10 -5.83688477e-01 -7.92435684e-01 -1.77069048e-01 1.10966129e-01 -2.53041474e-02 -2.00213348e-01 9.79425503e-01 0.00000000e+00
-8.09298039e-01 5.79381061e-01 9.67174729e-02 -1.01229407e-10 -5.86840214e-01 -7.90318582e-01 -1.76111050e-01 1.10966129e-01 -2.55977907e-02 -1.99284030e-01 9.79607385e-01 0.00000000e+00
-8.06581023e-01 5.83153166e-01 9.67441860e-02 -1.01229407e-10 -5.90557293e-01 -7.87781434e-01 -1.75049980e-01 1.10966129e-01 -2.58676765e-02 -1.98324976e-01 9.79794911e-01 0.00000000e+00
-8.03946082e-01 5.86607447e-01 9.77875254e-02 -1.01229407e-10 -5.94174962e-01 -7.85377854e-01 -1.73602249e-01 1.10966129e-01 -2.50362151e-02 -1.97669747e-01 9.79948906e-01 0.00000000e+00
-8.01399875e-01 5.89699568e-01 1.00063278e-01 -1.01229407e-10 -5.97696639e-01 -7.83175334e-01 -1.71450065e-01 1.10966129e-01 -2.27369382e-02 -1.97207546e-01 9.80098064e-01 0.00000000e+00
-7.99308559e-01 5.92081960e-01 1.02687780e-01 -1.01229407e-10 -6.00584687e-01 -7.81396338e-01 -1.69463258e-01 1.10966129e-01 -2.00962832e-02 -1.97126141e-01 9.80172140e-01 0.00000000e+00
-7.97408496e-01 5.93997362e-01 1.06333551e-01 -9.46895062e-11 -6.03205265e-01 -7.79712345e-01 -1.67904936e-01 2.21932257e-01 -1.68255067e-02 -1.98029780e-01 9.80051585e-01 0.00000000e+00
-7.96709025e-01 5.94412500e-01 1.09217719e-01 -9.46895062e-11 -6.04190213e-01 -7.79045438e-01 -1.67458628e-01 2.21932257e-01 -1.44539360e-02 -1.99404078e-01 9.79810746e-01 0.00000000e+00
-7.96334515e-01 5.94207035e-01 1.13001502e-01 8.97249339e-02 -6.04745297e-01 -7.78588360e-01 -1.67580703e-01 2.21932258e-01 -1.15959789e-02 -2.01787425e-01 9.79360694e-01 0.00000000e+00
-7.96295117e-01 5.93659368e-01 1.16114778e-01 8.97249339e-02 -6.04830313e-01 -7.78303499e-01 -1.68594055e-01 2.21932258e-01 -9.71490196e-03 -2.04480360e-01 9.78822457e-01 0.00000000e+00
-7.96545049e-01 5.92747959e-01 1.19020347e-01 8.97249339e-02 -6.04511666e-01 -7.77927964e-01 -1.71445994e-01 2.21932258e-01 -9.03500647e-03 -2.08513646e-01 9.77977724e-01 0.00000000e+00
-7.97194025e-01 5.91356746e-01 1.21568439e-01 8.97249339e-02 -6.03655461e-01 -7.77760908e-01 -1.75180064e-01 2.21932258e-01 -9.04273366e-03 -2.13037953e-01 9.77002078e-01 0.00000000e+00
-7.98271857e-01 5.89388557e-01 1.24028911e-01 8.97249339e-02 -6.02238394e-01 -7.78206411e-01 -1.78055325e-01 2.21932258e-01 -8.42367711e-03 -2.16831527e-01 9.76172695e-01 0.00000000e+00
-7.99412129e-01 5.87451323e-01 1.25861793e-01 8.97249339e-02 -6.00739299e-01 -7.79088212e-01 -1.79259178e-01 2.21932258e-01 -7.24860175e-03 -2.18912087e-01 9.75717662e-01 0.00000000e+00
-8.01089195e-01 5.84712009e-01 1.27937359e-01 8.97249339e-02 -5.98520248e-01 -7.80599494e-01 -1.80105367e-01 2.21932258e-01 -5.44193327e-03 -2.20853563e-01 9.75291797e-01 0.00000000e+00
-8.03183090e-01 5.81362980e-01 1.30053874e-01 8.97249339e-02 -5.95723710e-01 -7.82629265e-01 -1.80567698e-01 2.21932258e-01 -3.19140716e-03 -2.22505098e-01 9.74926303e-01 0.00000000e+00
-8.05279377e-01 5.77958571e-01 1.32246037e-01 8.97249339e-02 -5.92895371e-01 -7.84821529e-01 -1.80361436e-01 2.21932258e-01 -4.51900643e-04 -2.23649408e-01 9.74669553e-01 0.00000000e+00
-8.07380706e-01 5.74581755e-01 1.34135013e-01 8.97249339e-02 -5.90026470e-01 -7.87109967e-01 -1.79796176e-01 2.21932258e-01 2.27140340e-03 -2.24307172e-01 9.74515846e-01 0.00000000e+00
-8.10304528e-01 5.70109655e-01 1.35578585e-01 8.97249339e-02 -5.85989073e-01 -7.90201758e-01 -1.79437980e-01 2.21932258e-01 4.83511092e-03 -2.24846977e-01 9.74382091e-01 0.00000000e+00
-8.14888302e-01 5.63432641e-01 1.36017330e-01 8.97249339e-02 -5.79577172e-01 -7.94863472e-01 -1.79672929e-01 2.21932258e-01 6.88161434e-03 -2.25245908e-01 9.74277642e-01 0.00000000e+00
-8.19633502e-01 5.56604234e-01 1.35619502e-01 8.97249339e-02 -5.72830136e-01 -7.99626340e-01 -1.80175891e-01 2.21932258e-01 8.15826213e-03 -2.25365134e-01 9.74240216e-01 0.00000000e+00
-8.24905083e-01 5.48946476e-01 1.34867974e-01 8.97249339e-02 -5.65201592e-01 -8.04729378e-01 -1.81542799e-01 2.21932258e-01 8.87494090e-03 -2.25983172e-01 9.74090777e-01 0.00000000e+00
-8.29583830e-01 5.42004715e-01 1.34244397e-01 8.97249339e-02 -5.58310802e-01 -8.08993230e-01 -1.83899436e-01 2.21932258e-01 8.92844662e-03 -2.27510096e-01 9.73734789e-01 0.00000000e+00
-8.34296873e-01 5.34934866e-01 1.33391964e-01 8.97249339e-02 -5.51252028e-01 -8.13085199e-01 -1.87119376e-01 2.21932258e-01 8.36235351e-03 -2.29645701e-01 9.73238369e-01 0.00000000e+00
-8.39656712e-01 5.26972164e-01 1.31441789e-01 8.97249339e-02 -5.43077011e-01 -8.17590043e-01 -1.91347542e-01 2.21932258e-01 6.63066977e-03 -2.32049262e-01 9.72681435e-01 0.00000000e+00
-8.44369211e-01 5.20079007e-01 1.28679690e-01 8.97249339e-02 -5.35746513e-01 -8.21440167e-01 -1.95478201e-01 2.21932258e-01 4.03855749e-03 -2.33995469e-01 9.72229299e-01 0.00000000e+00
-8.50799211e-01 5.10686518e-01 1.23854688e-01 8.97249339e-02 -5.25490561e-01 -8.26555467e-01 -2.01657457e-01 2.21932258e-01 -6.10975412e-04 -2.36654475e-01 9.71593684e-01 0.00000000e+00
-8.56658639e-01 5.02108257e-01 1.18419905e-01 8.97249328e-02 -5.15856446e-01 -8.31380777e-01 -2.06635262e-01 3.32898385e-01 -5.30123835e-03 -2.38103553e-01 9.71225306e-01 0.00000000e+00
-8.59974973e-01 4.97386334e-01 1.14236075e-01 8.97249328e-02 -5.10263559e-01 -8.34256733e-01 -2.08918177e-01 3.32898385e-01 -8.61083117e-03 -2.37954909e-01 9.71238032e-01 0.00000000e+00
-8.63804165e-01 4.91917664e-01 1.08900763e-01 -2.63019911e-10 -5.03672518e-01 -8.37760307e-01 -2.10883053e-01 3.32898385e-01 -1.25043623e-02 -2.37011981e-01 9.71426251e-01 0.00000000e+00
-8.67291000e-01 4.86595413e-01 1.05029645e-01 -2.63019911e-10 -4.97581243e-01 -8.41116723e-01 -2.11980102e-01 3.32898385e-01 -1.48063541e-02 -2.36109216e-01 9.71613714e-01 0.00000000e+00
-8.71115578e-01 4.80382019e-01 1.01935106e-01 -2.63019911e-10 -4.90827039e-01 -8.45070546e-01 -2.12001391e-01 3.32898385e-01 -1.56993007e-02 -2.34710221e-01 9.71938601e-01 0.00000000e+00
-8.75427883e-01 4.73072612e-01 9.91379150e-02 -2.63019911e-10 -4.83089153e-01 -8.49634377e-01 -2.11533205e-01 3.32898385e-01 -1.58395849e-02 -2.33074517e-01 9.72329871e-01 0.00000000e+00
-8.80461681e-01 4.64289462e-01 9.60339711e-02 -2.63019911e-10 -4.73827570e-01 -8.54603590e-01 -2.12462084e-01 3.32898385e-01 -1.65729303e-02 -2.32568267e-01 9.72438861e-01 0.00000000e+00
-8.84496286e-01 4.57031651e-01 9.37464073e-02 -2.63019911e-10 -4.66216841e-01 -8.58282015e-01 -2.14461744e-01 3.32898385e-01 -1.75549497e-02 -2.33396770e-01 9.72223108e-01 0.00000000e+00
-8.90805794e-01 4.45353500e-01 9.01404287e-02 -2.63019911e-10 -4.53967233e-01 -8.63802933e-01 -2.18536597e-01 3.32898385e-01 -1.94624717e-02 -2.35594468e-01 9.71656554e-01 0.00000000e+00
-8.96135416e-01 4.35375219e-01 8.59635658e-02 -2.63019911e-10 -4.43219353e-01 -8.68309979e-01 -2.22697969e-01 3.32898385e-01 -2.23141551e-02 -2.37668253e-01 9.71090047e-01 0.00000000e+00
-8.98473903e-01 4.31054988e-01 8.32841165e-02 -8.97249321e-02 -4.38337467e-01 -8.70146476e-01 -2.25178542e-01 3.32898385e-01 -2.45949531e-02 -2.38823592e-01 9.70751451e-01 0.00000000e+00
-9.01861406e-01 4.24684355e-01 7.93044937e-02 -8.97249321e-02 -4.31120735e-01 -8.72806566e-01 -2.28787259e-01 3.32898385e-01 -2.79448868e-02 -2.40524211e-01 9.70240788e-01 0.00000000e+00
-9.06199732e-01 4.15924062e-01 7.62182349e-02 -8.97249321e-02 -4.21821437e-01 -8.76625167e-01 -2.31505921e-01 3.32898385e-01 -2.94740600e-02 -2.41941089e-01 9.69843178e-01 0.00000000e+00
-9.10528663e-01 4.06515897e-01 7.53815586e-02 -8.97249321e-02 -4.12492285e-01 -8.80825065e-01 -2.32373234e-01 3.32898385e-01 -2.80654473e-02 -2.42676801e-01 9.69701140e-01 0.00000000e+00
-9.14359121e-01 3.97879659e-01 7.50944382e-02 -8.97249321e-02 -4.04061636e-01 -8.84668428e-01 -2.32585397e-01 3.32898385e-01 -2.61073200e-02 -2.43009361e-01 9.69672552e-01 0.00000000e+00
-9.19378478e-01 3.86424300e-01 7.36170793e-02 -8.97249321e-02 -3.92608849e-01 -8.89710842e-01 -2.32965468e-01 3.32898385e-01 -2.45256043e-02 -2.43086154e-01 9.69694600e-01 0.00000000e+00
-9.23339469e-01 3.77255045e-01 7.15741359e-02 -8.97249321e-02 -3.83234972e-01 -8.93744012e-01 -2.33136435e-01 3.32898385e-01 -2.39829408e-02 -2.42693784e-01 9.69806448e-01 0.00000000e+00
-9.27409664e-01 3.67660506e-01 6.88263598e-02 -8.97249321e-02 -3.73277239e-01 -8.97897742e-01 -2.33331840e-01 3.32898385e-01 -2.39878692e-02 -2.42085517e-01 9.69958342e-01 0.00000000e+00
-9.31643231e-01 3.57524447e-01 6.49396634e-02 -1.79449865e-01 -3.62504605e-01 -9.02093848e-01 -2.34130521e-01 3.32898387e-01 -2.51257141e-02 -2.41667042e-01 9.70033886e-01 0.00000000e+00
-9.35949771e-01 3.47061237e-01 5.95527061e-02 -1.79449865e-01 -3.51019678e-01 -9.06109139e-01 -2.36117373e-01 3.32898387e-01 -2.79859364e-02 -2.41898173e-01 9.69897964e-01 0.00000000e+00
-9.39730913e-01 3.37659555e-01 5.37757965e-02 -1.79449865e-01 -3.40455594e-01 -9.09558730e-01 -2.38312622e-01 3.32898387e-01 -3.15562886e-02 -2.42258009e-01 9.69698540e-01 0.00000000e+00
-9.43543236e-01 3.27887177e-01 4.70761140e-02 -1.79449865e-01 -3.29318384e-01 -9.13198715e-01 -2.40036474e-01 3.32898387e-01 -3.57150349e-02 -2.41987821e-01 9.69621746e-01 0.00000000e+00
-9.46338733e-01 3.20540490e-01 4.11921807e-02 -1.79449863e-01 -3.20756200e-01 -9.16021062e-01 -2.40875226e-01 4.43864516e-01 -3.94773580e-02 -2.41162204e-01 9.69681561e-01 0.00000000e+00
-9.48792217e-01 3.13923206e-01 3.52923399e-02 -1.79449863e-01 -3.12917555e-01 -9.18631068e-01 -2.41245860e-01 4.43864516e-01 -4.33120340e-02 -2.39935787e-01 9.69822090e-01 0.00000000e+00
-9.51219954e-01 3.07123189e-01 2.92565566e-02 -1.79449863e-01 -3.04903221e-01 -9.21386708e-01 -2.40999089e-01 4.43864516e-01 -4.70598065e-02 -2.38163561e-01 9.70084271e-01 0.00000000e+00
-9.54118792e-01 2.98602236e-01 2.22268921e-02 -1.79449863e-01 -2.95054031e-01 -9.24944264e-01 -2.39627266e-01 4.43864516e-01 -5.09946012e-02 -2.35191012e-01 9.70610498e-01 0.00000000e+00
-9.56527580e-01 2.91186607e-01 1.62895221e-02 -2.69174794e-01 -2.86588024e-01 -9.28131473e-01 -2.37569514e-01 4.43864518e-01 -5.40582426e-02 -2.31910174e-01 9.71233946e-01 0.00000000e+00
-9.58780243e-01 2.83932872e-01 1.10711286e-02 -2.69174794e-01 -2.78491043e-01 -9.31240484e-01 -2.35018936e-01 4.43864518e-01 -5.64197183e-02 -2.28414723e-01 9.71927739e-01 0.00000000e+00
-9.60681669e-01 2.77553826e-01 7.38953668e-03 -2.69174794e-01 -2.71632671e-01 -9.34009334e-01 -2.32039344e-01 4.43864518e-01 -5.75015115e-02 -2.24923184e-01 9.72678332e-01 0.00000000e+00
-9.62318348e-01 2.71885851e-01 4.63475430e-03 -2.69174794e-01 -2.65689820e-01 -9.36485696e-01 -2.28918024e-01 4.43864518e-01 -5.78991905e-02 -2.21523421e-01 9.73434670e-01 0.00000000e+00
-9.63716696e-01 2.66918232e-01 2.18799290e-03 -2.69174794e-01 -2.60474698e-01 -9.38597514e-01 -2.26246854e-01 4.43864518e-01 -5.83357657e-02 -2.18607788e-01 9.74067541e-01 0.00000000e+00
-9.65094228e-01 2.61902058e-01 -6.65351050e-04 -2.69174794e-01 -2.55103818e-01 -9.40612132e-01 -2.23988524e-01 4.43864518e-01 -5.92888928e-02 -2.16000299e-01 9.74591555e-01 0.00000000e+00
-9.66246899e-01 2.57597479e-01 -3.23549182e-03 -2.69174794e-01 -2.50463458e-01 -9.42278301e-01 -2.22215346e-01 4.43864518e-01 -6.02908466e-02 -2.13904516e-01 9.74992242e-01 0.00000000e+00
-9.67614870e-01 2.52356361e-01 -6.14256055e-03 -2.69174791e-01 -2.44886769e-01 -9.44322691e-01 -2.19738765e-01 5.54830647e-01 -6.12530344e-02 -2.11118265e-01 9.75539412e-01 0.00000000e+00
-9.68216154e-01 2.50012944e-01 -7.14185178e-03 -2.69174791e-01 -2.42470992e-01 -9.45248459e-01 -2.18433443e-01 5.54830647e-01 -6.13620125e-02 -2.09759096e-01 9.75825715e-01 0.00000000e+00
-9.68925730e-01 2.47218538e-01 -8.11940821e-03 -2.69174791e-01 -2.39656802e-01 -9.46400826e-01 -2.16541203e-01 5.54830647e-01 -6.12172143e-02 -2.07866472e-01 9.76239716e-01 0.00000000e+00
-9.69179923e-01 2.46207879e-01 -8.48272738e-03 -2.69174791e-01 -2.38689782e-01 -9.46993425e-01 -2.15013119e-01 5.54830647e-01 -6.09710109e-02 -2.06361658e-01 9.76574320e-01 0.00000000e+00
-9.68988589e-01 2.46971006e-01 -8.15083077e-03 -2.69174791e-01 -2.39615322e-01 -9.47165508e-01 -2.13218194e-01 5.54830647e-01 -6.03788977e-02 -2.04652933e-01 9.76970606e-01 0.00000000e+00
-9.68473370e-01 2.49007170e-01 -7.39998874e-03 -2.69174791e-01 -2.41849731e-01 -9.46928265e-01 -2.11744109e-01 5.54830647e-01 -5.97330600e-02 -2.03278846e-01 9.77297126e-01 0.00000000e+00
-9.67748649e-01 2.51828635e-01 -6.70011098e-03 -2.69174791e-01 -2.44808403e-01 -9.46379130e-01 -2.10797033e-01 5.54830647e-01 -5.94255743e-02 -2.02358300e-01 9.77506890e-01 0.00000000e+00
-9.66711806e-01 2.55793867e-01 -6.14677246e-03 -2.69174791e-01 -2.48817333e-01 -9.45403550e-01 -2.10480549e-01 5.54830647e-01 -5.96508139e-02 -2.01944608e-01 9.77578721e-01 0.00000000e+00
-9.65297502e-01 2.61092728e-01 -5.59636150e-03 -2.69174791e-01 -2.54090501e-01 -9.43927719e-01 -2.10804360e-01 5.54830647e-01 -6.03220462e-02 -2.02066940e-01 9.77512252e-01 0.00000000e+00
-9.63603655e-01 2.67282339e-01 -5.30536798e-03 -2.69174791e-01 -2.60139835e-01 -9.42057457e-01 -2.11790024e-01 5.54830647e-01 -6.16056945e-02 -2.02701504e-01 9.77300792e-01 0.00000000e+00
-9.62115245e-01 2.72589676e-01 -5.39660521e-03 -2.69174791e-01 -2.65208242e-01 -9.40286377e-01 -2.13368503e-01 5.54830647e-01 -6.32364053e-02 -2.03853865e-01 9.76956887e-01 0.00000000e+00
-9.59964310e-01 2.80062325e-01 -5.79812205e-03 -2.69174787e-01 -2.72251513e-01 -9.37663655e-01 -2.16023109e-01 6.65796776e-01 -6.59366225e-02 -2.05795927e-01 9.76371035e-01 0.00000000e+00
-9.57738983e-01 2.87571126e-01 -6.23601262e-03 -1.79449858e-01 -2.79380427e-01 -9.35180705e-01 -2.17677801e-01 6.65796773e-01 -6.84296489e-02 -2.06736296e-01 9.76000762e-01 0.00000000e+00
-9.54535870e-01 2.98005667e-01 -7.34130907e-03 -1.79449858e-01 -2.89269215e-01 -9.31939011e-01 -2.18661843e-01 6.65796773e-01 -7.20041206e-02 -2.06596958e-01 9.75773080e-01 0.00000000e+00
-9.51076212e-01 3.08846522e-01 -8.23800196e-03 -1.79449858e-01 -2.99628761e-01 -9.28537008e-01 -2.19184010e-01 6.65796773e-01 -7.53435088e-02 -2.05992355e-01 9.75648761e-01 0.00000000e+00
-9.46527146e-01 3.22538374e-01 -7.44033778e-03 -1.79449858e-01 -3.13117187e-01 -9.23948105e-01 -2.19721473e-01 6.65796773e-01 -7.77430926e-02 -2.05642641e-01 9.75534272e-01 0.00000000e+00
-9.43147780e-01 3.32325265e-01 -5.67302143e-03 -1.79449856e-01 -3.23017791e-01 -9.20487046e-01 -2.19916131e-01 7.76762903e-01 -7.83056292e-02 -2.05580924e-01 9.75502287e-01 0.00000000e+00
-9.38611399e-01 3.44967074e-01 -2.52189803e-03 -1.79449856e-01 -3.35990463e-01 -9.15795972e-01 -2.20063960e-01 7.76762903e-01 -7.82243644e-02 -2.05707207e-01 9.75482185e-01 0.00000000e+00
-9.34135217e-01 3.56917766e-01 1.05047987e-03 -1.79449856e-01 -3.48362629e-01 -9.11095981e-01 -2.20335180e-01 7.76762903e-01 -7.76844523e-02 -2.06188799e-01 9.75423654e-01 0.00000000e+00
-9.28573903e-01 3.71099175e-01 5.99237202e-03 -1.79449856e-01 -3.63180658e-01 -9.05195767e-01 -2.20727054e-01 7.76762903e-01 -7.64873580e-02 -2.07137696e-01 9.75317209e-01 0.00000000e+00
-9.23278105e-01 3.83970915e-01 1.11300001e-02 -1.79449856e-01 -3.76759251e-01 -8.99527163e-01 -2.21141019e-01 7.76762903e-01 -7.48999821e-02 -2.08367992e-01 9.75178329e-01 0.00000000e+00
-9.17091622e-01 3.98299658e-01 1.73302775e-02 -1.79449856e-01 -3.91940298e-01 -8.92786718e-01 -2.22069088e-01 7.76762903e-01 -7.29778002e-02 -2.10450134e-01 9.74876906e-01 0.00000000e+00
-9.11493912e-01 4.10672159e-01 2.29614058e-02 -1.79449856e-01 -4.05056351e-01 -8.86527482e-01 -2.23603168e-01 7.76762903e-01 -7.14716782e-02 -2.13113589e-01 9.74409769e-01 0.00000000e+00
-9.04501113e-01 4.25406654e-01 3.01150329e-02 -1.79449856e-01 -4.20739357e-01 -8.78578278e-01 -2.26005759e-01 7.76762903e-01 -6.96859401e-02 -2.17093040e-01 9.73660352e-01 0.00000000e+00
-8.97330305e-01 4.39736173e-01 3.78209272e-02 -1.79449854e-01 -4.36185205e-01 -8.70465026e-01 -2.28107663e-01 8.87729031e-01 -6.73853963e-02 -2.21184847e-01 9.72901060e-01 0.00000000e+00
-8.90625667e-01 4.52408061e-01 4.59659316e-02 -1.79449854e-01 -4.50201872e-01 -8.62986135e-01 -2.29288476e-01 8.87729031e-01 -6.40639931e-02 -2.24904150e-01 9.72272558e-01 0.00000000e+00
-8.83756093e-01 4.64692013e-01 5.51044650e-02 -1.79449854e-01 -4.64119438e-01 -8.55395089e-01 -2.29983453e-01 8.87729031e-01 -5.97353846e-02 -2.28824331e-01 9.71633218e-01 0.00000000e+00
-8.76562782e-01 4.77100604e-01 6.33459028e-02 -1.79449854e-01 -4.78017756e-01 -8.47717734e-01 -2.29942751e-01 8.87729031e-01 -5.60063800e-02 -2.31839723e-01 9.71140375e-01 0.00000000e+00
-8.69039507e-01 4.89860460e-01 6.93329998e-02 -1.79449854e-01 -4.91783314e-01 -8.40011531e-01 -2.29193804e-01 8.87729031e-01 -5.40324629e-02 -2.33275283e-01 9.70908407e-01 0.00000000e+00
-8.61395666e-01 5.02546146e-01 7.37894164e-02 -1.79449854e-01 -5.05160309e-01 -8.32440044e-01 -2.27720522e-01 8.87729031e-01 -5.30148056e-02 -2.33432955e-01 9.70926612e-01 0.00000000e+00
-8.54787934e-01 5.13295515e-01 7.65852625e-02 -1.79449851e-01 -5.16337508e-01 -8.26263353e-01 -2.25132069e-01 9.98695159e-01 -5.22796853e-02 -2.31984019e-01 9.71313672e-01 0.00000000e+00
-8.48489150e-01 5.23471387e-01 7.77423285e-02 -1.79449851e-01 -5.26716431e-01 -8.21073276e-01 -2.20019264e-01 9.98695159e-01 -5.13416411e-02 -2.27632120e-01 9.72392747e-01 0.00000000e+00
-8.43638372e-01 5.31290185e-01 7.74921711e-02 -1.79449851e-01 -5.34497212e-01 -8.17378288e-01 -2.14954566e-01 9.98695159e-01 -5.08628332e-02 -2.22763270e-01 9.73544810e-01 0.00000000e+00
-8.39003054e-01 5.38715755e-01 7.65454770e-02 -1.79449851e-01 -5.41687913e-01 -8.13632635e-01 -2.11130623e-01 9.98695159e-01 -5.14594947e-02 -2.18602997e-01 9.74456079e-01 0.00000000e+00
-8.35882428e-01 5.43792351e-01 7.47692862e-02 -1.79449851e-01 -5.46324813e-01 -8.10992906e-01 -2.09331569e-01 9.98695159e-01 -5.31955454e-02 -2.15824896e-01 9.74981973e-01 0.00000000e+00
-8.33239289e-01 5.48144287e-01 7.24577650e-02 -1.79449851e-01 -5.50094583e-01 -8.08629624e-01 -2.08600289e-01 9.98695159e-01 -5.57515617e-02 -2.13672581e-01 9.75313176e-01 0.00000000e+00
-8.30091798e-01 5.53150254e-01 7.05152653e-02 -1.79449851e-01 -5.54503597e-01 -8.05451058e-01 -2.09223217e-01 9.98695159e-01 -5.89352806e-02 -2.12775445e-01 9.75322123e-01 0.00000000e+00
-8.27303626e-01 5.57404553e-01 6.97773307e-02 -1.79449851e-01 -5.58352485e-01 -8.02273855e-01 -2.11185141e-01 9.98695159e-01 -6.17350312e-02 -2.13674579e-01 9.74952286e-01 0.00000000e+00
-8.23858754e-01 5.62507340e-01 6.95862454e-02 -2.69174777e-01 -5.63012146e-01 -7.98008134e-01 -2.14942648e-01 9.98695162e-01 -6.53764275e-02 -2.16260284e-01 9.74144452e-01 0.00000000e+00
-8.18947266e-01 5.69555567e-01 7.02270005e-02 -2.69174777e-01 -5.69613723e-01 -7.91890804e-01 -2.20111701e-01 9.98695162e-01 -6.97537286e-02 -2.20262139e-01 9.72943476e-01 0.00000000e+00
-8.15214468e-01 5.74820954e-01 7.07547976e-02 -2.69174777e-01 -5.74505861e-01 -7.87151694e-01 -2.24355132e-01 9.98695162e-01 -7.32692725e-02 -2.23546596e-01 9.71935457e-01 0.00000000e+00
-8.07267555e-01 5.85625867e-01 7.32218435e-02 -2.69174777e-01 -5.84848135e-01 -7.77138420e-01 -2.32397364e-01 9.98695162e-01 -7.91943999e-02 -2.30430510e-01 9.69860829e-01 0.00000000e+00
-8.01959650e-01 5.92367064e-01 7.72138672e-02 -2.69174773e-01 -5.92022748e-01 -7.70834488e-01 -2.35208966e-01 1.10966129e+00 -7.98109327e-02 -2.34340466e-01 9.68872933e-01 0.00000000e+00
-7.95854172e-01 5.99432996e-01 8.54179128e-02 -2.69174773e-01 -6.00740974e-01 -7.64086394e-01 -2.35121810e-01 1.10966129e+00 -7.56731063e-02 -2.38436714e-01 9.68205306e-01 0.00000000e+00
-7.90883837e-01 6.04939647e-01 9.24704313e-02 -2.69174773e-01 -6.07802136e-01 -7.58885513e-01 -2.33814759e-01 1.10966129e+00 -7.12693470e-02 -2.41124039e-01 9.67873896e-01 0.00000000e+00
-7.86103690e-01 6.10364839e-01 9.74461499e-02 -2.69174773e-01 -6.14284424e-01 -7.54009072e-01 -2.32647729e-01 1.10966129e+00 -6.85247124e-02 -2.42744890e-01 9.67666927e-01 0.00000000e+00
-7.80616723e-01 6.16727339e-01 1.01414596e-01 -3.58899698e-01 -6.21458023e-01 -7.48619955e-01 -2.30993697e-01 1.10966129e+00 -6.65391377e-02 -2.43342457e-01 9.67655410e-01 0.00000000e+00
-7.74052558e-01 6.24391331e-01 1.04776445e-01 -3.58899698e-01 -6.29770951e-01 -7.42336747e-01 -2.28745936e-01 1.10966129e+00 -6.50475742e-02 -2.43046539e-01 9.67831180e-01 0.00000000e+00
-7.66424682e-01 6.33225397e-01 1.07790554e-01 -3.58899698e-01 -6.39093607e-01 -7.34909258e-01 -2.26865036e-01 1.10966129e+00 -6.44404261e-02 -2.42763217e-01 9.67942897e-01 0.00000000e+00
-7.60244457e-01 6.40286312e-01 1.09826249e-01 -3.58899698e-01 -6.46394680e-01 -7.28692042e-01 -2.26234008e-01 1.10966129e+00 -6.48250251e-02 -2.42984253e-01 9.67861751e-01 0.00000000e+00
-7.50246428e-01 6.51541392e-01 1.12357071e-01 -3.58899698e-01 -6.57811214e-01 -7.18512713e-01 -2.25884678e-01 1.10966129e+00 -6.64432335e-02 -2.43378914e-01 9.67652831e-01 0.00000000e+00
-7.40894579e-01 6.61786072e-01 1.14518198e-01 -3.58899698e-01 -6.68197290e-01 -7.09127322e-01 -2.25057376e-01 1.10966129e+00 -6.77318536e-02 -2.43264539e-01 9.67592249e-01 0.00000000e+00
-7.30205875e-01 6.73142195e-01 1.16957109e-01 -3.58899693e-01 -6.79804607e-01 -6.98710548e-01 -2.22866028e-01 1.22062742e+00 -6.83013612e-02 -2.42246065e-01 9.67807712e-01 0.00000000e+00
-7.21385855e-01 6.82262495e-01 1.18829020e-01 -3.58899693e-01 -6.89142325e-01 -6.90247786e-01 -2.20546707e-01 1.22062742e+00 -6.84492784e-02 -2.40989382e-01 9.68110951e-01 0.00000000e+00
-7.09924724e-01 6.93763006e-01 1.21242640e-01 -3.58899693e-01 -7.00959008e-01 -6.79338305e-01 -2.17154177e-01 1.22062742e+00 -6.82887654e-02 -2.39149240e-01 9.68578487e-01 0.00000000e+00
-7.00854298e-01 7.02587031e-01 1.23185699e-01 -3.58899693e-01 -7.10072342e-01 -6.70774403e-01 -2.14147074e-01 1.22062742e+00 -6.78271436e-02 -2.37556655e-01 9.69002742e-01 0.00000000e+00
-6.89804928e-01 7.13031359e-01 1.25520684e-01 -3.58899693e-01 -7.20894489e-01 -6.60420502e-01 -2.10133044e-01 1.22062742e+00 -6.69350166e-02 -2.35437979e-01 9.69581694e-01 0.00000000e+00
-6.78763366e-01 7.23144562e-01 1.27836756e-01 -3.58899693e-01 -7.31389227e-01 -6.50063692e-01 -2.06123738e-01 1.22062742e+00 -6.59552267e-02 -2.33407668e-01 9.70139561e-01 0.00000000e+00
-6.67672535e-01 7.33002710e-01 1.30078486e-01 -3.58899693e-01 -7.41608399e-01 -6.39621800e-01 -2.02239797e-01 1.22062742e+00 -6.50412838e-02 -2.31497256e-01 9.70658875e-01 0.00000000e+00
-6.57156756e-01 7.42075497e-01 1.32170176e-01 -3.58899689e-01 -7.51020006e-01 -6.29707127e-01 -1.98589740e-01 1.33159355e+00 -6.41400779e-02 -2.29767036e-01 9.71129837e-01 0.00000000e+00
-6.44215143e-01 7.52806817e-01 1.35161921e-01 -3.58899689e-01 -7.62241888e-01 -6.17352987e-01 -1.94583129e-01 1.33159355e+00 -6.30408901e-02 -2.28379476e-01 9.71529033e-01 0.00000000e+00
-6.35643053e-01 7.59637152e-01 1.37511116e-01 -3.58899689e-01 -7.69460593e-01 -6.09045667e-01 -1.92337650e-01 1.33159355e+00 -6.23562750e-02 -2.28067476e-01 9.71646500e-01 0.00000000e+00
-6.25445764e-01 7.67501897e-01 1.40564702e-01 -3.58899689e-01 -7.77834702e-01 -5.99079528e-01 -1.89939191e-01 1.33159355e+00 -6.15692540e-02 -2.28132765e-01 9.71681362e-01 0.00000000e+00
-6.14346048e-01 7.75774137e-01 1.44060480e-01 -3.58899689e-01 -7.86698297e-01 -5.88183674e-01 -1.87472012e-01 1.33159355e+00 -6.07019159e-02 -2.28504824e-01 9.71648508e-01 0.00000000e+00
-6.01836488e-01 7.84758475e-01 1.48145122e-01 -3.58899689e-01 -7.96395368e-01 -5.75909906e-01 -1.84613646e-01 1.33159355e+00 -5.95588805e-02 -2.29089317e-01 9.71581610e-01 0.00000000e+00
-5.90861294e-01 7.92349536e-01 1.51872131e-01 -3.58899684e-01 -8.04650384e-01 -5.65124063e-01 -1.82133340e-01 1.44255968e+00 -5.84866723e-02 -2.29819509e-01 9.71474293e-01 0.00000000e+00
-5.77458944e-01 8.01302630e-01 1.56381785e-01 -3.58899684e-01 -8.14382345e-01 -5.51828446e-01 -1.79629516e-01 1.44255968e+00 -5.76416857e-02 -2.31083235e-01 9.71224986e-01 0.00000000e+00
-5.64925908e-01 8.09338734e-01 1.60715689e-01 -3.58899684e-01 -8.23132139e-01 -5.39172157e-01 -1.78176505e-01 1.44255968e+00 -5.75517221e-02 -2.32946772e-01 9.70785043e-01 0.00000000e+00
-5.53535513e-01 8.16378341e-01 1.64696210e-01 -3.58899684e-01 -8.30808522e-01 -5.27534671e-01 -1.77381991e-01 1.44255968e+00 -5.79278550e-02 -2.35018246e-01 9.70263257e-01 0.00000000e+00
-5.37916113e-01 8.25898787e-01 1.68930307e-01 -4.48624603e-01 -8.40891091e-01 -5.11527222e-01 -1.76754276e-01 1.44255968e+00 -5.95686912e-02 -2.37130963e-01 9.69649667e-01 0.00000000e+00
-5.30353695e-01 8.30555029e-01 1.70009708e-01 -4.48624603e-01 -8.45566625e-01 -5.03756016e-01 -1.76768093e-01 1.44255968e+00 -6.11722153e-02 -2.37504147e-01 9.69458478e-01 0.00000000e+00
-5.22578050e-01 8.35364634e-01 1.70523049e-01 -4.48624597e-01 -8.50234101e-01 -4.95740823e-01 -1.77039573e-01 1.55352581e+00 -6.33573614e-02 -2.37501506e-01 9.69318771e-01 0.00000000e+00
-5.12166108e-01 8.41754950e-01 1.70688259e-01 -4.48624597e-01 -8.56300812e-01 -4.85030484e-01 -1.77466472e-01 1.55352581e+00 -6.65942722e-02 -2.37052807e-01 9.69211623e-01 0.00000000e+00
-5.04457263e-01 8.46451955e-01 1.70417010e-01 -4.48624597e-01 -8.60657645e-01 -4.77119765e-01 -1.77834609e-01 1.55352581e+00 -6.92191283e-02 -2.36380663e-01 9.69191877e-01 0.00000000e+00
-4.95851738e-01 8.51686392e-01 1.69591697e-01 -4.48624597e-01 -8.65375418e-01 -4.68302193e-01 -1.78377249e-01 1.55352581e+00 -7.25013123e-02 -2.35209154e-01 9.69236923e-01 0.00000000e+00
-4.86554715e-01 8.57139388e-01 1.69046084e-01 -4.48624597e-01 -8.70402914e-01 -4.58918031e-01 -1.78305941e-01 1.55352581e+00 -7.52547485e-02 -2.33893800e-01 9.69345353e-01 0.00000000e+00
-4.79598838e-01 8.60978560e-01 1.69413323e-01 -4.48624597e-01 -8.74185203e-01 -4.52069459e-01 -1.77294770e-01 1.55352581e+00 -7.60604071e-02 -2.33128986e-01 9.69466704e-01 0.00000000e+00
-4.72830942e-01 8.64541570e-01 1.70290267e-01 -4.48624591e-01 -8.77882792e-01 -4.45560260e-01 -1.75493185e-01 1.66449194e+00 -7.58465783e-02 -2.32473503e-01 9.69640844e-01 0.00000000e+00
-4.65709481e-01 8.68121062e-01 1.71698870e-01 -4.48624591e-01 -8.81788979e-01 -4.38881196e-01 -1.72717955e-01 1.66449194e+00 -7.45846894e-02 -2.31838560e-01 9.69890719e-01 0.00000000e+00
-4.59189008e-01 8.71223212e-01 1.73538383e-01 -4.48624591e-01 -8.85396917e-01 -4.32965913e-01 -1.69153236e-01 1.66449194e+00 -7.22340215e-02 -2.31323656e-01 9.70191534e-01 0.00000000e+00
-4.53011421e-01 8.74031829e-01 1.75638873e-01 -4.48624591e-01 -8.88815004e-01 -4.27500363e-01 -1.65079760e-01 1.66449194e+00 -6.91992827e-02 -2.30893483e-01 9.70515151e-01 0.00000000e+00
-4.45593662e-01 8.77409781e-01 1.77759290e-01 -4.48624591e-01 -8.92787120e-01 -4.20852217e-01 -1.60669133e-01 1.66449194e+00 -6.61622779e-02 -2.30294352e-01 9.70869231e-01 0.00000000e+00
-4.38740754e-01 8.80555793e-01 1.79242982e-01 -4.48624591e-01 -8.96292212e-01 -4.14485047e-01 -1.57678206e-01 1.66449194e+00 -6.45509213e-02 -2.29833944e-01 9.71086781e-01 0.00000000e+00
-4.32481501e-01 8.83456694e-01 1.80177748e-01 -4.48624591e-01 -8.99397506e-01 -4.08609207e-01 -1.55314654e-01 1.66449194e+00 -6.35914836e-02 -2.29222132e-01 9.71294671e-01 0.00000000e+00
-4.27254682e-01 8.85991079e-01 1.80203342e-01 -4.48624591e-01 -9.01936876e-01 -4.03788111e-01 -1.53183005e-01 1.66449194e+00 -6.29548091e-02 -2.27980195e-01 9.71628387e-01 0.00000000e+00
-4.22465774e-01 8.88520392e-01 1.79036819e-01 -4.48624591e-01 -9.04209752e-01 -3.99493146e-01 -1.51029635e-01 1.66449194e+00 -6.26689279e-02 -2.25691689e-01 9.72180985e-01 0.00000000e+00
-4.17485083e-01 8.91326208e-01 1.76759148e-01 -4.48624585e-01 -9.06522214e-01 -3.95126987e-01 -1.48634246e-01 1.77545807e+00 -6.26392895e-02 -2.22288675e-01 9.72966631e-01 0.00000000e+00
-4.14216686e-01 8.93194853e-01 1.75007120e-01 -5.38349503e-01 -9.08033351e-01 -3.92336991e-01 -1.46789368e-01 1.77545808e+00 -6.24497407e-02 -2.19714907e-01 9.73563244e-01 0.00000000e+00
-4.12049080e-01 8.94469252e-01 1.73609657e-01 -5.38349503e-01 -9.09060031e-01 -3.90633700e-01 -1.44966109e-01 1.77545808e+00 -6.18499440e-02 -2.17554752e-01 9.74086503e-01 0.00000000e+00
-4.11032002e-01 8.95136185e-01 1.72580137e-01 -5.38349503e-01 -9.09557580e-01 -3.89956011e-01 -1.43663909e-01 1.77545808e+00 -6.13001012e-02 -2.16022036e-01 9.74462302e-01 0.00000000e+00
-4.09935576e-01 8.95907555e-01 1.71179661e-01 -5.38349503e-01 -9.10082704e-01 -3.89235144e-01 -1.42286594e-01 1.77545808e+00 -6.08464941e-02 -2.14115986e-01 9.74911303e-01 0.00000000e+00
