-9.76406749e-01 2.48472960e-02 -2.14505179e-01 -0.00000000e+00 -1.89871183e-01 3.74354118e-01 9.07638655e-01 0.00000000e+00 1.02853264e-01 9.26952861e-01 -3.60804102e-01 0.00000000e+00
-9.76294611e-01 2.46864990e-02 -2.15033505e-01 -0.00000000e+00 -1.90431442e-01 3.74255305e-01 9.07562027e-01 0.00000000e+00 1.02881959e-01 9.26997057e-01 -3.60682352e-01 0.00000000e+00
-9.76257089e-01 2.45715460e-02 -2.15216949e-01 -0.00000000e+00 -1.90640073e-01 3.74286631e-01 9.07505306e-01 0.00000000e+00 1.02851635e-01 9.26987463e-01 -3.60715655e-01 0.00000000e+00
-9.76227657e-01 2.43143550e-02 -2.15379604e-01 -0.00000000e+00 -1.90862482e-01 3.74483611e-01 9.07377285e-01 0.00000000e+00 1.02718425e-01 9.26914687e-01 -3.60940560e-01 0.00000000e+00
-9.76225623e-01 2.36891446e-02 -2.15458481e-01 -0.00000000e+00 -1.91090536e-01 3.75132340e-01 9.07061263e-01 0.00000000e+00 1.02312950e-01 9.26668523e-01 -3.61687031e-01 0.00000000e+00
-9.76231560e-01 2.30597346e-02 -2.15499862e-01 -0.00000000e+00 -1.91283429e-01 3.75804250e-01 9.06742420e-01 0.00000000e+00 1.01895003e-01 9.26412119e-01 -3.62461024e-01 0.00000000e+00
-9.76204030e-01 2.25555340e-02 -2.15677862e-01 -0.00000000e+00 -1.91580807e-01 3.76271188e-01 9.06485956e-01 0.00000000e+00 1.01599640e-01 9.26234982e-01 -3.62996242e-01 0.00000000e+00
-9.76121709e-01 2.24257168e-02 -2.16063642e-01 -0.00000000e+00 -1.92004457e-01 3.76105435e-01 9.06465107e-01 0.00000000e+00 1.01590840e-01 9.26305451e-01 -3.62818842e-01 0.00000000e+00
-9.76013044e-01 2.24600902e-02 -2.16550415e-01 -0.00000000e+00 -1.92487225e-01 3.75711881e-01 9.06525924e-01 0.00000000e+00 1.01721218e-01 9.26464315e-01 -3.62376416e-01 0.00000000e+00
-9.75902198e-01 2.23842432e-02 -2.17057239e-01 -0.00000000e+00 -1.92988287e-01 3.75686686e-01 9.06429829e-01 0.00000000e+00 1.01835261e-01 9.26476368e-01 -3.62313566e-01 0.00000000e+00
-9.75798061e-01 2.19563900e-02 -2.17568522e-01 -0.00000000e+00 -1.93517996e-01 3.76602475e-01 9.05936731e-01 0.00000000e+00 1.01827944e-01 9.26114730e-01 -3.63239008e-01 0.00000000e+00
-9.75684647e-01 2.12728478e-02 -2.18144300e-01 -0.00000000e+00 -1.94120256e-01 3.78253623e-01 9.05119618e-01 0.00000000e+00 1.01768344e-01 9.25457542e-01 -3.64926762e-01 0.00000000e+00
-9.75649890e-01 2.08385642e-02 -2.18341584e-01 -0.00000000e+00 -1.94332072e-01 3.79438400e-01 9.04578104e-01 0.00000000e+00 1.01697290e-01 9.24982300e-01 -3.66149432e-01 0.00000000e+00
-9.75805600e-01 2.10712804e-02 -2.17622224e-01 -0.00000000e+00 -1.93582587e-01 3.79412072e-01 9.04749834e-01 0.00000000e+00 1.01632736e-01 9.24987827e-01 -3.66153391e-01 0.00000000e+00
-9.75968083e-01 2.13710031e-02 -2.16863047e-01 -0.00000000e+00 -1.92798719e-01 3.79138488e-01 9.05031856e-01 0.00000000e+00 1.01562566e-01 9.25093124e-01 -3.65906761e-01 0.00000000e+00
-9.76031060e-01 2.12788524e-02 -2.16588503e-01 -0.00000000e+00 -1.92540122e-01 3.79483378e-01 9.04942356e-01 0.00000000e+00 1.01447872e-01 9.24953824e-01 -3.66290531e-01 0.00000000e+00
-9.75996823e-01 2.06531442e-02 -2.16803252e-01 -0.00000000e+00 -1.92838918e-01 3.80673212e-01 9.04378824e-01 0.00000000e+00 1.01209456e-01 9.24478963e-01 -3.67553115e-01 0.00000000e+00
-9.75908483e-01 1.98268019e-02 -2.17277541e-01 -0.00000000e+00 -1.93416546e-01 3.82197923e-01 9.03612078e-01 0.00000000e+00 1.00958763e-01 9.23867764e-01 -3.69155364e-01 0.00000000e+00
-9.75818689e-01 1.92433125e-02 -2.17732822e-01 -0.00000000e+00 -1.93922579e-01 3.83402741e-01 9.02993007e-01 0.00000000e+00 1.00855937e-01 9.23380763e-01 -3.70399848e-01 0.00000000e+00
-9.75700022e-01 1.89708678e-02 -2.18287822e-01 -0.00000000e+00 -1.94462693e-01 3.84085285e-01 9.02586702e-01 0.00000000e+00 1.00963993e-01 9.23102703e-01 -3.71062895e-01 0.00000000e+00
-9.75572409e-01 1.87804685e-02 -2.18873867e-01 -0.00000000e+00 -1.94997246e-01 3.84800808e-01 9.02166510e-01 0.00000000e+00 1.01165951e-01 9.22808556e-01 -3.71738912e-01 0.00000000e+00
-9.75501210e-01 1.84179936e-02 -2.19221732e-01 -0.00000000e+00 -1.95290848e-01 3.86288769e-01 9.01466844e-01 0.00000000e+00 1.01286103e-01 9.22193995e-01 -3.73228296e-01 0.00000000e+00
-9.75474909e-01 1.78730147e-02 -2.19383813e-01 -0.00000000e+00 -1.95354002e-01 3.88935725e-01 9.00314287e-01 0.00000000e+00 1.01417533e-01 9.21091503e-01 -3.75905476e-01 0.00000000e+00
-9.75493748e-01 1.71355237e-02 -2.19358885e-01 -0.00000000e+00 -1.95251199e-01 3.92191903e-01 8.98922956e-01 0.00000000e+00 1.01434294e-01 9.19723809e-01 -3.79235018e-01 0.00000000e+00
-9.75559909e-01 1.61496770e-02 -2.19139344e-01 -0.00000000e+00 -1.95077435e-01 3.95348014e-01 8.97577151e-01 0.00000000e+00 1.01131885e-01 9.18389425e-01 -3.82535235e-01 0.00000000e+00
-9.75694934e-01 1.48488171e-02 -2.18629616e-01 -0.00000000e+00 -1.94734604e-01 3.98762739e-01 8.96139895e-01 0.00000000e+00 1.00487962e-01 9.16933907e-01 -3.86179206e-01 0.00000000e+00
-9.75846283e-01 1.34257909e-02 -2.18045362e-01 -0.00000000e+00 -1.94387216e-01 4.02096792e-01 8.94724416e-01 0.00000000e+00 9.96877236e-02 9.15498726e-01 -3.89774858e-01 0.00000000e+00
-9.76004077e-01 1.15014601e-02 -2.17448288e-01 -0.00000000e+00 -1.94150473e-01 4.06204570e-01 8.92918497e-01 0.00000000e+00 9.85983547e-02 9.13709781e-01 -3.94224302e-01 0.00000000e+00
-9.76173008e-01 9.17613649e-03 -2.16799578e-01 -0.00000000e+00 -1.94044612e-01 4.10271495e-01 8.91080237e-01 0.00000000e+00 9.71233610e-02 9.11917265e-01 -3.98715380e-01 0.00000000e+00
-9.76311065e-01 6.68346143e-03 -2.16268433e-01 -0.00000000e+00 -1.94099999e-01 4.14629775e-01 8.89048559e-01 0.00000000e+00 9.56132534e-02 9.09965648e-01 -4.03510377e-01 0.00000000e+00
-9.76308860e-01 4.38187857e-03 -2.16337259e-01 -0.00000000e+00 -1.94534673e-01 4.20012097e-01 8.86423206e-01 0.00000000e+00 9.47484646e-02 9.07507927e-01 -4.09209104e-01 0.00000000e+00
-9.76096470e-01 2.75991445e-03 -2.17320186e-01 -0.00000000e+00 -1.95468325e-01 4.25992720e-01 8.83358555e-01 0.00000000e+00 9.50148113e-02 9.04722380e-01 -4.15270514e-01 0.00000000e+00
-9.75806805e-01 1.24126543e-03 -2.18631055e-01 -0.00000000e+00 -1.96603957e-01 4.32476228e-01 8.79949542e-01 0.00000000e+00 9.56449851e-02 9.01644482e-01 -4.21769209e-01 0.00000000e+00
-9.75596868e-01 -7.57721608e-04 -2.19568158e-01 -0.00000000e+00 -1.97576020e-01 4.39259847e-01 8.76364366e-01 0.00000000e+00 9.57834355e-02 8.98359734e-01 -4.28690239e-01 0.00000000e+00
-9.75535195e-01 -4.04809926e-03 -2.19806040e-01 -2.23829913e-10 -1.98336508e-01 4.47508905e-01 8.72008263e-01 -1.10966125e-01 9.48351843e-02 8.94270313e-01 -4.37363573e-01 0.00000000e+00
-9.75563239e-01 -8.85013792e-03 -2.19540526e-01 -2.23829913e-10 -1.99091996e-01 4.58280031e-01 8.66222714e-01 -1.10966125e-01 9.29448486e-02 8.88763798e-01 -4.48843142e-01 0.00000000e+00
-9.75571150e-01 -1.29438381e-02 -2.19302048e-01 -2.23829913e-10 -1.99740558e-01 4.67858092e-01 8.60936998e-01 -1.10966125e-01 9.14584085e-02 8.83708811e-01 -4.59014267e-01 0.00000000e+00
-9.75558611e-01 -1.50891345e-02 -2.19220696e-01 -2.23829913e-10 -2.00116466e-01 4.73102969e-01 8.57978426e-01 -1.10966125e-01 9.07678104e-02 8.80877913e-01 -4.64559260e-01 0.00000000e+00
-9.75532028e-01 -1.85713095e-02 -2.19071606e-01 -2.23829913e-10 -2.00717382e-01 4.81856513e-01 8.52951835e-01 -1.10966125e-01 8.97206476e-02 8.76053313e-01 -4.73794046e-01 0.00000000e+00
-9.75498178e-01 -2.18864419e-02 -2.18916166e-01 -2.23829913e-10 -2.01247655e-01 4.90827562e-01 8.47695515e-01 -1.10966125e-01 8.88970493e-02 8.70981795e-01 -4.83205988e-01 0.00000000e+00
-9.75450106e-01 -2.56310302e-02 -2.18723894e-01 -2.23829913e-10 -2.01764565e-01 5.02029481e-01 8.40986005e-01 -1.10966125e-01 8.82505054e-02 8.64470618e-01 -4.94876144e-01 0.00000000e+00
-9.75394354e-01 -2.93000478e-02 -2.18511698e-01 -2.23829913e-10 -2.02203278e-01 5.13880697e-01 8.33690868e-01 -1.10966125e-01 8.78617614e-02 8.57361147e-01 -5.07160896e-01 0.00000000e+00
-9.75350011e-01 -3.19291275e-02 -2.18341217e-01 -2.23829913e-10 -2.02467712e-01 5.22948830e-01 8.27968204e-01 -1.10966125e-01 8.77449815e-02 8.51765843e-01 -5.16522765e-01 0.00000000e+00
-9.75306265e-01 -3.45809474e-02 -2.18132639e-01 -2.23829913e-10 -2.02597587e-01 5.33311264e-01 8.21299771e-01 -1.10966125e-01 8.79312695e-02 8.45211958e-01 -5.27147834e-01 0.00000000e+00
-9.75266679e-01 -3.65764422e-02 -2.17984102e-01 -2.23829913e-10 -2.02678686e-01 5.41448589e-01 8.15937973e-01 -1.10966125e-01 8.81830765e-02 8.39937849e-01 -5.35470032e-01 0.00000000e+00
-9.75187539e-01 -3.94181400e-02 -2.17842775e-01 -2.23829913e-10 -2.02989963e-01 5.51888593e-01 8.08834999e-01 -1.10966125e-01 8.83421715e-02 8.32985709e-01 -5.46196366e-01 0.00000000e+00
-9.75091685e-01 -4.22686152e-02 -2.17737387e-01 -2.23829913e-10 -2.03452062e-01 5.61420320e-01 8.02131213e-01 -1.10966125e-01 8.83372180e-02 8.26450596e-01 -5.56035923e-01 0.00000000e+00
-9.74971936e-01 -4.52621326e-02 -2.17671915e-01 -2.23829913e-10 -2.04050139e-01 5.70922716e-01 7.95242600e-01 -1.10966125e-01 8.82794648e-02 8.19755202e-01 -5.65869371e-01 0.00000000e+00
-9.74770719e-01 -4.93557784e-02 -2.17683378e-01 -2.23829913e-10 -2.05057103e-01 5.83239071e-01 7.85992220e-01 -1.10966125e-01 8.81681932e-02 8.10799724e-01 -5.78645122e-01 0.00000000e+00
-9.74585431e-01 -5.27074610e-02 -2.17727265e-01 -2.23829913e-10 -2.06016823e-01 5.92590031e-01 7.78713120e-01 -1.10966125e-01 8.79790152e-02 8.03777941e-01 -5.88388234e-01 0.00000000e+00
-9.74356587e-01 -5.63062507e-02 -2.17850515e-01 -2.23829913e-10 -2.07145379e-01 6.02530107e-01 7.70745264e-01 -1.10966125e-01 8.78637181e-02 7.96107453e-01 -5.98742758e-01 0.00000000e+00
-9.74117838e-01 -5.93870608e-02 -2.18100012e-01 -2.23829913e-10 -2.08188669e-01 6.11540571e-01 7.63331912e-01 -1.10966125e-01 8.80449672e-02 7.88981183e-01 -6.08076292e-01 0.00000000e+00
-9.73783297e-01 -6.24207256e-02 -2.18745843e-01 -2.23829913e-10 -2.09405737e-01 6.21600164e-01 7.54826122e-01 -1.10966125e-01 8.88556574e-02 7.80843704e-01 -6.18375115e-01 0.00000000e+00
-9.73329757e-01 -6.64925124e-02 -2.19563042e-01 -2.23829913e-10 -2.11031096e-01 6.34864465e-01 7.43244904e-01 -1.10966125e-01 8.99725518e-02 7.69757012e-01 -6.31964463e-01 0.00000000e+00
-9.73159070e-01 -6.90914590e-02 -2.19517186e-01 -2.23829913e-10 -2.11831014e-01 6.41713502e-01 7.37110170e-01 -1.10966125e-01 8.99391250e-02 7.63825996e-01 -6.39125028e-01 0.00000000e+00
-9.73035716e-01 -7.24391207e-02 -2.18984174e-01 -2.23829913e-10 -2.12696131e-01 6.49076710e-01 7.30383311e-01 -1.10966125e-01 8.92292020e-02 7.57266135e-01 -6.46982342e-01 0.00000000e+00
-9.72952363e-01 -7.63096746e-02 -2.18037915e-01 -2.23829913e-10 -2.13576669e-01 6.56819343e-01 7.23168969e-01 -1.10966125e-01 8.80267317e-02 7.50176769e-01 -6.55351898e-01 0.00000000e+00
-9.72873187e-01 -8.00370028e-02 -2.17052620e-01 -2.23829913e-10 -2.14378768e-01 6.64536695e-01 7.15844065e-01 -1.10966125e-01 8.69454170e-02 7.42956970e-01 -6.63668166e-01 0.00000000e+00
-9.72792571e-01 -8.39777480e-02 -2.15922097e-01 -1.65020150e-10 -2.15131777e-01 6.73320056e-01 7.07360178e-01 -2.21932252e-01 8.59821635e-02 7.34566430e-01 -6.73067030e-01 0.00000000e+00
-9.72710541e-01 -8.81125741e-02 -2.14640112e-01 -1.65020150e-10 -2.15877994e-01 6.82731915e-01 6.98050016e-01 -2.21932252e-01 8.50346710e-02 7.25336685e-01 -6.83122096e-01 0.00000000e+00
-9.72566164e-01 -9.17554579e-02 -2.13766210e-01 -1.65020150e-10 -2.16739715e-01 6.91176899e-01 6.89418879e-01 -2.21932252e-01 8.44923211e-02 7.16837102e-01 -6.92102317e-01 0.00000000e+00
-9.72250471e-01 -9.57321714e-02 -2.13458127e-01 -1.65020150e-10 -2.18170139e-01 7.00389164e-01 6.79600477e-01 -2.21932252e-01 8.44441300e-02 7.07312074e-01 -7.01839596e-01 0.00000000e+00
-9.71987327e-01 -9.89607067e-02 -2.13183992e-01 -1.65020150e-10 -2.19301944e-01 7.08124837e-01 6.71167544e-01 -2.21932252e-01 8.45416648e-02 6.99118011e-01 -7.09990643e-01 0.00000000e+00
-9.71928908e-01 -1.01590715e-01 -2.12211038e-01 8.97250881e-02 -2.19633803e-01 7.15153531e-01 6.63563426e-01 -2.21932252e-01 8.43515904e-02 6.91545193e-01 -7.17391145e-01 0.00000000e+00
-9.72136913e-01 -1.03487338e-01 -2.10333530e-01 8.97250881e-02 -2.18947697e-01 7.21376047e-01 6.57022454e-01 -2.21932252e-01 8.37360657e-02 6.84767822e-01 -7.23934597e-01 0.00000000e+00
-9.72499908e-01 -1.05064498e-01 -2.07859039e-01 8.97250881e-02 -2.17648629e-01 7.27649237e-01 6.50504161e-01 -2.21932252e-01 8.29035775e-02 6.77855471e-01 -7.30505960e-01 0.00000000e+00
-9.72769192e-01 -1.06439700e-01 -2.05889995e-01 8.97250881e-02 -2.16654523e-01 7.33188647e-01 6.44589191e-01 -2.21932252e-01 8.23463269e-02 6.71643505e-01 -7.36283970e-01 0.00000000e+00
-9.72903961e-01 -1.08095182e-01 -2.04385212e-01 8.97250881e-02 -2.16111247e-01 7.39354103e-01 6.37692277e-01 -2.21932252e-01 8.21815826e-02 6.64583285e-01 -7.42681120e-01 0.00000000e+00
-9.72977356e-01 -1.10133929e-01 -2.02942314e-01 8.97250881e-02 -2.15729027e-01 7.46929777e-01 6.28933141e-01 -2.21932252e-01 8.23167790e-02 6.55718252e-01 -7.50504845e-01 0.00000000e+00
-9.73011689e-01 -1.11503523e-01 -2.02027762e-01 8.97250881e-02 -2.15551118e-01 7.51733423e-01 6.23245197e-01 -2.21932252e-01 8.23769863e-02 6.49972172e-01 -7.55480117e-01 0.00000000e+00
-9.73038226e-01 -1.13408423e-01 -2.00836102e-01 8.97250881e-02 -2.15432541e-01 7.57882053e-01 6.15795107e-01 -2.21932252e-01 8.23737255e-02 6.42458811e-01 -7.61880073e-01 0.00000000e+00
-9.73049644e-01 -1.15351331e-01 -1.99670882e-01 8.97250881e-02 -2.15404447e-01 7.63768388e-01 6.08488927e-01 -2.21932252e-01 8.23123003e-02 6.35099929e-01 -7.68031747e-01 0.00000000e+00
-9.73088701e-01 -1.16915103e-01 -1.98567971e-01 8.97250881e-02 -2.15313079e-01 7.68313745e-01 6.02772152e-01 -2.21932252e-01 8.20893330e-02 6.29305052e-01 -7.72810775e-01 0.00000000e+00
-9.73153145e-01 -1.18166475e-01 -1.97508586e-01 8.97250881e-02 -2.15136334e-01 7.71965249e-01 5.98152165e-01 -2.21932252e-01 8.17882315e-02 6.24584934e-01 -7.76662311e-01 0.00000000e+00
-9.73247495e-01 -1.19569787e-01 -1.96194747e-01 8.97250881e-02 -2.14924360e-01 7.75650805e-01 5.93441951e-01 -2.21932252e-01 8.12208857e-02 6.19732923e-01 -7.80598663e-01 0.00000000e+00
-9.73313580e-01 -1.20654105e-01 -1.95200570e-01 8.97250881e-02 -2.14848709e-01 7.77981538e-01 5.90410670e-01 -2.21932252e-01 8.06269685e-02 6.16593313e-01 -7.83142374e-01 0.00000000e+00
-9.73375361e-01 -1.22488075e-01 -1.93744880e-01 8.97250881e-02 -2.14974884e-01 7.81127513e-01 5.86195878e-01 -2.21932252e-01 7.95374522e-02 6.12238907e-01 -7.86662134e-01 0.00000000e+00
-9.73437246e-01 -1.24618255e-01 -1.92068265e-01 8.97250881e-02 -2.15223015e-01 7.84206405e-01 5.81978838e-01 -2.21932252e-01 7.80959763e-02 6.07857389e-01 -7.90196440e-01 0.00000000e+00
-9.73598758e-01 -1.26441118e-01 -1.90047629e-01 8.97250881e-02 -2.15117622e-01 7.86720269e-01 5.78615266e-01 -2.21932252e-01 7.63535606e-02 6.04221699e-01 -7.93149590e-01 0.00000000e+00
-9.73932821e-01 -1.27703763e-01 -1.87474290e-01 8.97250881e-02 -2.14363833e-01 7.88433657e-01 5.76559204e-01 -2.21932252e-01 7.41822599e-02 6.01717639e-01 -7.95256484e-01 0.00000000e+00
-9.74404629e-01 -1.28719371e-01 -1.84301226e-01 8.97250881e-02 -2.13132405e-01 7.89680042e-01 5.75308620e-01 -2.21932252e-01 7.14856357e-02 5.99863946e-01 -7.96902158e-01 0.00000000e+00
-9.74696277e-01 -1.29099166e-01 -1.82484445e-01 8.97250881e-02 -2.12315989e-01 7.90037317e-01 5.75119952e-01 -2.21932252e-01 6.99220155e-02 5.99311641e-01 -7.97456249e-01 0.00000000e+00
-9.74944060e-01 -1.29031913e-01 -1.81203878e-01 8.97250881e-02 -2.11534673e-01 7.89800602e-01 5.75732656e-01 -2.21932252e-01 6.88270460e-02 5.99638036e-01 -7.97306129e-01 0.00000000e+00
-9.75132428e-01 -1.28571126e-01 -1.80516521e-01 8.97250881e-02 -2.10864900e-01 7.88939938e-01 5.77156623e-01 -2.21932252e-01 6.82110159e-02 6.00868737e-01 -7.96432055e-01 0.00000000e+00
-9.75276028e-01 -1.27915511e-01 -1.80206245e-01 8.97250881e-02 -2.10328356e-01 7.87512131e-01 5.79298391e-01 -2.21932252e-01 6.78133542e-02 6.02878317e-01 -7.94945963e-01 0.00000000e+00
-9.75387736e-01 -1.26988017e-01 -1.80257617e-01 8.97250881e-02 -2.09874750e-01 7.85358552e-01 5.82378343e-01 -2.21932252e-01 6.76117906e-02 6.05876216e-01 -7.92680678e-01 0.00000000e+00
-9.75450993e-01 -1.25701844e-01 -1.80815948e-01 8.97250881e-02 -2.09563169e-01 7.82153620e-01 5.86787008e-01 -2.21932252e-01 6.76656397e-02 6.10274333e-01 -7.89295002e-01 0.00000000e+00
-9.75423466e-01 -1.24723250e-01 -1.81640227e-01 8.97250892e-02 -2.09683958e-01 7.78689342e-01 5.91333701e-01 -3.32898378e-01 6.76882481e-02 6.14887810e-01 -7.85704322e-01 0.00000000e+00
-9.75304610e-01 -1.23994102e-01 -1.82774123e-01 8.97250892e-02 -2.10219823e-01 7.74958880e-01 5.96025469e-01 -3.32898378e-01 6.77387874e-02 6.19729132e-01 -7.81886987e-01 0.00000000e+00
-9.75135918e-01 -1.23293943e-01 -1.84142729e-01 8.97250892e-02 -2.11005655e-01 7.70511287e-01 6.01488961e-01 -3.32898378e-01 6.77241055e-02 6.25388647e-01 -7.77368951e-01 0.00000000e+00
-9.74987813e-01 -1.22641317e-01 -1.85358765e-01 8.97250892e-02 -2.11775767e-01 7.65721043e-01 6.07307426e-01 -3.32898378e-01 6.74521237e-02 6.31371834e-01 -7.72541144e-01 0.00000000e+00
-9.74825194e-01 -1.22261925e-01 -1.86461425e-01 8.97250892e-02 -2.12747933e-01 7.60330875e-01 6.13706182e-01 -3.32898378e-01 6.67394789e-02 6.37925531e-01 -7.67200664e-01 0.00000000e+00
-9.74663749e-01 -1.21514676e-01 -1.87789135e-01 8.97250892e-02 -2.13713635e-01 7.53678419e-01 6.21526607e-01 -3.32898378e-01 6.60080142e-02 6.45912552e-01 -7.60552377e-01 0.00000000e+00
-9.74608762e-01 -1.20004707e-01 -1.89041347e-01 8.97250892e-02 -2.13939235e-01 7.48246292e-01 6.27978893e-01 -3.32898378e-01 6.60890642e-02 6.52477092e-01 -7.54921108e-01 0.00000000e+00
-9.74643266e-01 -1.16834477e-01 -1.90840795e-01 8.97250892e-02 -2.13416217e-01 7.41718770e-01 6.35851228e-01 -3.32898378e-01 6.72608542e-02 6.60456638e-01 -7.47845577e-01 0.00000000e+00
-9.74724763e-01 -1.13000929e-01 -1.92723705e-01 8.97250892e-02 -2.12565572e-01 7.34579834e-01 6.44366623e-01 -3.32898378e-01 6.87569203e-02 6.69046529e-01 -7.40033262e-01 0.00000000e+00
-9.74778966e-01 -1.10424496e-01 -1.93939159e-01 8.97250892e-02 -2.12124167e-01 7.28475970e-01 6.51403177e-01 -3.32898378e-01 6.93491494e-02 6.76113298e-01 -7.33526757e-01 0.00000000e+00
-9.74836459e-01 -1.07976509e-01 -1.95025516e-01 8.97250892e-02 -2.11834276e-01 7.21167436e-01 6.59578478e-01 -3.32898378e-01 6.94270698e-02 6.84294237e-01 -7.25893435e-01 0.00000000e+00
-9.74903591e-01 -1.05808100e-01 -1.95876578e-01 8.97250892e-02 -2.11608800e-01 7.13780727e-01 6.67636719e-01 -3.32898378e-01 6.91715537e-02 6.92330643e-01 -7.18257320e-01 0.00000000e+00
-9.74989919e-01 -1.03717193e-01 -1.96563991e-01 8.97250881e-02 -2.11347331e-01 7.06280229e-01 6.75648239e-01 -2.21932252e-01 6.87529216e-02 7.00293497e-01 -7.10536455e-01 0.00000000e+00
-9.75111019e-01 -1.01707477e-01 -1.97012918e-01 8.97250881e-02 -2.10999025e-01 6.98619220e-01 6.83674335e-01 -2.21932252e-01 6.81022194e-02 7.08227911e-01 -7.02691478e-01 0.00000000e+00
-9.75257072e-01 -9.94988578e-02 -1.97417378e-01 8.97250881e-02 -2.10626951e-01 6.89458841e-01 6.93024382e-01 -2.21932252e-01 6.71560225e-02 7.17458349e-01 -6.93356752e-01 0.00000000e+00
-9.75362051e-01 -9.74089639e-02 -1.97940303e-01 8.97250892e-02 -2.10448080e-01 6.80007026e-01 7.02354647e-01 -3.32898378e-01 6.61851581e-02 7.26706226e-01 -6.83752577e-01 0.00000000e+00
-9.75439809e-01 -9.55741245e-02 -1.98450913e-01 8.97250892e-02 -2.10419493e-01 6.70693715e-01 7.11261961e-01 -3.32898378e-01 6.51215412e-02 7.35551172e-01 -6.74332009e-01 0.00000000e+00
-9.75482272e-01 -9.39238218e-02 -1.99029274e-01 8.97250892e-02 -2.10501065e-01 6.62073673e-01 7.19268902e-01 -3.32898378e-01 6.42155584e-02 7.43529937e-01 -6.65612195e-01 0.00000000e+00
-9.75475499e-01 -9.21356525e-02 -1.99896405e-01 8.97250892e-02 -2.10721739e-01 6.53295914e-01 7.27186906e-01 -3.32898378e-01 6.35916646e-02 7.51475528e-01 -6.56689143e-01 0.00000000e+00
-9.75376020e-01 -9.00195458e-02 -2.01340756e-01 8.97250892e-02 -2.11247887e-01 6.43634982e-01 7.35600666e-01 -3.32898378e-01 6.33715163e-02 7.60020060e-01 -6.46802566e-01 0.00000000e+00
-9.75262478e-01 -8.81148057e-02 -2.02728587e-01 8.97250892e-02 -2.11786683e-01 6.35178719e-01 7.42761332e-01 -3.32898378e-01 6.33206140e-02 7.67322472e-01 -6.38127514e-01 0.00000000e+00
-9.75179920e-01 -8.57931049e-02 -2.04116796e-01 8.97250881e-02 -2.12253697e-01 6.24650543e-01 7.51505201e-01 -2.21932252e-01 6.30277029e-02 7.76177327e-01 -6.27356570e-01 0.00000000e+00
-9.75116888e-01 -8.34297146e-02 -2.05393618e-01 8.97250881e-02 -2.12724403e-01 6.12959536e-01 7.60939509e-01 -2.21932252e-01 6.24130108e-02 7.85697200e-01 -6.15454731e-01 0.00000000e+00
-9.75126706e-01 -8.05637255e-02 -2.06488241e-01 8.97250881e-02 -2.12928150e-01 5.99227861e-01 7.71743204e-01 -2.21932252e-01 6.15589993e-02 7.96514568e-01 -6.01477375e-01 0.00000000e+00
-9.75275071e-01 -7.81383822e-02 -2.06719446e-01 8.97250881e-02 -2.12432695e-01 5.89318894e-01 7.79471354e-01 -2.21932252e-01 6.09170450e-02 8.04112949e-01 -5.91347173e-01 0.00000000e+00
-9.75538220e-01 -7.52344004e-02 -2.06554994e-01 8.97250881e-02 -2.11437978e-01 5.78260133e-01 7.87977919e-01 -2.21932252e-01 6.01594720e-02 8.12376147e-01 -5.80022270e-01 0.00000000e+00
-9.75943062e-01 -7.19570320e-02 -2.05808953e-01 8.97250881e-02 -2.09782277e-01 5.67034287e-01 7.96532180e-01 -2.21932252e-01 5.93846413e-02 8.20545125e-01 -5.68488489e-01 0.00000000e+00
-9.76688393e-01 -6.72593996e-02 -2.03852778e-01 8.97250881e-02 -2.06522350e-01 5.53446268e-01 8.06874059e-01 -2.21932252e-01 5.85516946e-02 8.30164683e-01 -5.54435116e-01 0.00000000e+00
-9.77574169e-01 -6.25940806e-02 -2.01073928e-01 8.97250881e-02 -2.02439280e-01 5.42404527e-01 8.15362292e-01 -2.21932252e-01 5.80265556e-02 8.37782376e-01 -5.42912156e-01 0.00000000e+00
-9.78869337e-01 -5.61199408e-02 -1.96635128e-01 8.97250881e-02 -1.96235712e-01 5.28203846e-01 8.26130887e-01 -2.21932252e-01 5.75010143e-02 8.47261028e-01 -5.28055285e-01 0.00000000e+00
-9.79935960e-01 -5.04831577e-02 -1.92813290e-01 8.97250881e-02 -1.90978425e-01 5.14643046e-01 8.35864688e-01 -2.21932252e-01 5.70329298e-02 8.55917044e-01 -5.13958421e-01 0.00000000e+00
-9.81157983e-01 -4.34625635e-02 -1.88255192e-01 8.97250881e-02 -1.84821976e-01 4.95071102e-01 8.48967279e-01 -2.21932252e-01 5.63014111e-02 8.67764720e-01 -4.93775800e-01 0.00000000e+00
-9.82025621e-01 -3.80426768e-02 -1.84874106e-01 8.97250881e-02 -1.80338821e-01 4.78210366e-01 8.59530543e-01 -2.21932252e-01 5.57098712e-02 8.77420994e-01 -4.76475403e-01 0.00000000e+00
-9.82634590e-01 -3.32226157e-02 -1.82552790e-01 1.79450170e-01 -1.77183380e-01 4.60125397e-01 8.69994637e-01 -1.10966123e-01 5.50936778e-02 8.87232144e-01 -4.58021626e-01 0.00000000e+00
-9.82921168e-01 -2.98769634e-02 -1.81585638e-01 1.79450170e-01 -1.75822199e-01 4.43813357e-01 8.78701462e-01 -1.10966123e-01 5.43372002e-02 8.95621054e-01 -4.41486576e-01 0.00000000e+00
-9.83013308e-01 -2.64672844e-02 -1.81615854e-01 1.79450170e-01 -1.75516602e-01 4.24848873e-01 8.88086346e-01 -1.10966123e-01 5.36540568e-02 9.04877294e-01 -4.22277544e-01 0.00000000e+00
-9.82899376e-01 -2.36172889e-02 -1.82622670e-01 1.79450170e-01 -1.76109683e-01 4.10300155e-01 8.94784422e-01 -1.10966123e-01 5.37977275e-02 9.11644671e-01 -4.07443000e-01 0.00000000e+00
-9.82503869e-01 -2.03868203e-02 -1.85122997e-01 1.79450170e-01 -1.77963065e-01 3.95836427e-01 9.00912132e-01 -1.10966123e-01 5.49116920e-02 9.18094712e-01 -3.92538922e-01 0.00000000e+00
-9.82005770e-01 -1.76067189e-02 -1.88028380e-01 1.79450170e-01 -1.80309210e-01 3.83462115e-01 9.05784409e-01 -1.10966123e-01 5.61538686e-02 9.23388764e-01 -3.79736663e-01 0.00000000e+00
-9.81329572e-01 -1.40642737e-02 -1.91818838e-01 1.79450170e-01 -1.83654853e-01 3.64731050e-01 9.12820988e-01 -1.10966123e-01 5.71241222e-02 9.31006690e-01 -3.60504338e-01 0.00000000e+00
-9.80895458e-01 -1.21326850e-02 -1.94156889e-01 1.79450170e-01 -1.86036343e-01 3.50288505e-01 9.17980633e-01 -1.10966123e-01 5.68733567e-02 9.36563271e-01 -3.45853524e-01 0.00000000e+00
-9.80304723e-01 -9.63460833e-03 -1.97255733e-01 1.79450170e-01 -1.89354861e-01 3.29587497e-01 9.24941522e-01 -1.10966123e-01 5.61015742e-02 9.44075874e-01 -3.24920540e-01 0.00000000e+00
-9.79847760e-01 -6.53537217e-03 -1.99638813e-01 1.79450167e-01 -1.91746385e-01 3.10788907e-01 9.30936936e-01 1.93463420e-09 5.59615092e-02 9.50456493e-01 -3.05778948e-01 0.00000000e+00
-9.79524767e-01 -3.51004452e-03 -2.01293094e-01 1.79450167e-01 -1.93255283e-01 2.96614045e-01 9.35239276e-01 1.93463420e-09 5.64236273e-02 9.54990989e-01 -2.91219138e-01 0.00000000e+00
-9.79287638e-01 -3.36018822e-06 -2.02474004e-01 1.79450167e-01 -1.94198917e-01 2.82980968e-01 9.39259577e-01 1.93463420e-09 5.72931336e-02 9.59125524e-01 -2.77120416e-01 0.00000000e+00
-9.79232385e-01 5.64672084e-03 -2.02662405e-01 2.69175252e-01 -1.93961854e-01 2.64878733e-01 9.44572949e-01 4.05746626e-09 5.90147007e-02 9.64265198e-01 -2.58282585e-01 0.00000000e+00
-9.79453235e-01 1.10362033e-02 -2.01369220e-01 2.69175252e-01 -1.92232491e-01 2.50807753e-01 9.48758210e-01 4.05746626e-09 6.09756500e-02 9.67974004e-01 -2.43532948e-01 0.00000000e+00
-9.79911896e-01 1.90675012e-02 -1.98517272e-01 2.69175252e-01 -1.88837657e-01 2.31393444e-01 9.54357068e-01 4.05746626e-09 6.41327998e-02 9.72673380e-01 -2.23144526e-01 0.00000000e+00
-9.80189608e-01 2.46739496e-02 -1.96518522e-01 2.69175252e-01 -1.86687122e-01 2.16304934e-01 9.58311063e-01 4.05746626e-09 6.61532447e-02 9.76014022e-01 -2.07413539e-01 0.00000000e+00
-9.80323838e-01 2.86391873e-02 -1.95307371e-01 2.69175252e-01 -1.85534293e-01 2.04128499e-01 9.61201634e-01 4.05746626e-09 6.73958341e-02 9.78525091e-01 -1.94798482e-01 0.00000000e+00
-9.80450730e-01 3.19057994e-02 -1.94160721e-01 2.69175252e-01 -1.84562301e-01 1.92966235e-01 9.63691231e-01 4.05746626e-09 6.82138025e-02 9.80686521e-01 -1.83305278e-01 0.00000000e+00
-9.80698509e-01 3.52444416e-02 -1.92323330e-01 2.69175252e-01 -1.83031576e-01 1.80498296e-01 9.66395265e-01 4.05746626e-09 6.87740947e-02 9.82943638e-01 -1.70563564e-01 0.00000000e+00
-9.81168511e-01 3.85944577e-02 -1.89258607e-01 3.58900336e-01 -1.80497533e-01 1.65642642e-01 9.69527285e-01 7.34184443e-09 6.87676754e-02 9.85430354e-01 -1.55557140e-01 0.00000000e+00
-9.81588256e-01 4.10287023e-02 -1.86550642e-01 3.58900336e-01 -1.78267782e-01 1.53949400e-01 9.71864281e-01 7.34184443e-09 6.85936898e-02 9.87226533e-01 -1.43800828e-01 0.00000000e+00
-9.81990606e-01 4.38640566e-02 -1.83767230e-01 3.58900336e-01 -1.75960997e-01 1.41818673e-01 9.74127913e-01 7.34184443e-09 6.87908266e-02 9.88920325e-01 -1.31546241e-01 0.00000000e+00
-9.82306911e-01 4.66218050e-02 -1.81382303e-01 3.58900336e-01 -1.73922920e-01 1.32087229e-01 9.75860534e-01 7.34184443e-09 6.94546654e-02 9.90141086e-01 -1.21641598e-01 0.00000000e+00
-9.82581873e-01 4.93381232e-02 -1.79160854e-01 3.58900336e-01 -1.72065195e-01 1.22594337e-01 9.77427336e-01 7.34184443e-09 7.01885365e-02 9.91229730e-01 -1.11969599e-01 0.00000000e+00
-9.82779846e-01 5.14911684e-02 -1.77461075e-01 3.58900336e-01 -1.70850077e-01 1.12605845e-01 9.78841241e-01 7.34184443e-09 7.03848334e-02 9.92304683e-01 -1.01869485e-01 0.00000000e+00
-9.82890990e-01 5.25728592e-02 -1.76525908e-01 3.58900336e-01 -1.70403863e-01 1.04232166e-01 9.79845998e-01 7.34184443e-09 6.99129834e-02 9.93162499e-01 -9.34902384e-02 0.00000000e+00
-9.82942636e-01 5.35836718e-02 -1.75933410e-01 3.58900336e-01 -1.70302592e-01 9.59569295e-02 9.80708568e-01 7.34184443e-09 6.94319959e-02 9.93942180e-01 -8.51947190e-02 0.00000000e+00
-9.82888224e-01 5.53901821e-02 -1.75677738e-01 4.48625420e-01 -1.70470092e-01 8.78203791e-02 9.81441557e-01 1.15682450e-08 6.97903120e-02 9.94595148e-01 -7.68752470e-02 0.00000000e+00
-9.82727339e-01 5.74072124e-02 -1.75930071e-01 4.48625420e-01 -1.70961012e-01 8.23214076e-02 9.81832734e-01 1.15682450e-08 7.08470914e-02 9.94951053e-01 -7.10851027e-02 0.00000000e+00
-9.82472940e-01 5.99435286e-02 -1.76504092e-01 4.48625420e-01 -1.71715535e-01 7.73919730e-02 9.82101959e-01 1.15682450e-08 7.25306568e-02 9.95197094e-01 -6.57422842e-02 0.00000000e+00
-9.82157253e-01 6.31356931e-02 -1.77146871e-01 4.48625420e-01 -1.72508386e-01 7.26325210e-02 9.82326511e-01 1.15682450e-08 7.48864889e-02 9.95358428e-01 -6.04451209e-02 0.00000000e+00
-9.81719355e-01 6.73017682e-02 -1.78038142e-01 4.48625420e-01 -1.73496646e-01 6.82272490e-02 9.82468298e-01 1.15682450e-08 7.82689062e-02 9.95397164e-01 -5.53033798e-02 0.00000000e+00
-9.81163176e-01 7.26816822e-02 -1.78986578e-01 4.48625420e-01 -1.74540972e-01 6.35449801e-02 9.82597316e-01 1.15682450e-08 8.27905243e-02 9.95328794e-01 -4.96620630e-02 0.00000000e+00
-9.80891717e-01 7.61405299e-02 -1.79036477e-01 4.48625420e-01 -1.74704063e-01 6.02442184e-02 9.82776233e-01 1.15682450e-08 8.56150158e-02 9.95275466e-01 -4.57909948e-02 0.00000000e+00
-9.80714464e-01 7.98649370e-02 -1.78383665e-01 5.38350502e-01 -1.74187526e-01 5.67956132e-02 9.83073224e-01 1.66329374e-08 8.86444907e-02 9.95186339e-01 -4.17888036e-02 0.00000000e+00
-9.80624487e-01 8.29515489e-02 -1.77467336e-01 5.38350502e-01 -1.73424682e-01 5.36913564e-02 9.83382488e-01 1.66329374e-08 9.11015626e-02 9.95106165e-01 -3.82652128e-02 0.00000000e+00
-9.80541907e-01 8.60297060e-02 -1.76455258e-01 5.38350502e-01 -1.72670404e-01 4.96705335e-02 9.83726471e-01 1.66329374e-08 9.33943259e-02 9.95053631e-01 -3.38492555e-02 0.00000000e+00
-9.80453166e-01 8.91477550e-02 -1.75397453e-01 5.38350509e-01 -1.71973620e-01 4.47962421e-02 9.84082502e-01 -1.10966109e-01 9.55858926e-02 9.95010540e-01 -2.85895553e-02 0.00000000e+00
-9.80375237e-01 9.27285483e-02 -1.73970717e-01 5.38350509e-01 -1.71123670e-01 3.78787517e-02 9.84521147e-01 -1.10966109e-01 9.78830103e-02 9.94970661e-01 -2.12673407e-02 0.00000000e+00
-9.80361837e-01 9.44754027e-02 -1.73104207e-01 5.38350509e-01 -1.70999452e-01 2.99989751e-02 9.84814322e-01 -1.10966109e-01 9.82336784e-02 9.95075103e-01 -1.32546083e-02 0.00000000e+00
-9.80424458e-01 9.41797108e-02 -1.72910567e-01 5.38350509e-01 -1.71431071e-01 2.36415018e-02 9.84912416e-01 -1.10966109e-01 9.68466320e-02 9.95274465e-01 -7.03337792e-03 0.00000000e+00
-9.80548536e-01 9.26318182e-02 -1.73043101e-01 5.38350509e-01 -1.72449171e-01 1.44393677e-02 9.84912579e-01 -1.10966109e-01 9.37328759e-02 9.95595727e-01 1.81577939e-03 0.00000000e+00
-9.80612344e-01 9.09681636e-02 -1.73563316e-01 5.38350509e-01 -1.73777046e-01 5.62666822e-03 9.84768947e-01 -1.10966109e-01 9.05592058e-02 9.95837905e-01 1.02905984e-02 0.00000000e+00
-9.80546801e-01 8.92399444e-02 -1.74826207e-01 6.28075596e-01 -1.75826869e-01 -3.41665551e-03 9.84415176e-01 -1.10966102e-01 8.72518346e-02 9.96004297e-01 1.90409706e-02 0.00000000e+00
-9.80394647e-01 8.70582435e-02 -1.76768768e-01 6.28075596e-01 -1.78637148e-01 -1.40975838e-02 9.83814021e-01 -1.10966102e-01 8.31571080e-02 9.96103469e-01 2.93730321e-02 0.00000000e+00
-9.80342298e-01 8.57682806e-02 -1.77687309e-01 6.28075596e-01 -1.80261874e-01 -2.32071844e-02 9.83344845e-01 -1.10966102e-01 8.02161744e-02 9.96044792e-01 3.82117355e-02 0.00000000e+00
-9.80416575e-01 8.45329512e-02 -1.77869388e-01 6.28075596e-01 -1.81300857e-01 -3.47551627e-02 9.82813348e-01 -1.10966102e-01 7.68982333e-02 9.95814370e-01 4.94004341e-02 0.00000000e+00
-9.80542267e-01 8.37727155e-02 -1.77535897e-01 6.28075596e-01 -1.81856717e-01 -4.70652929e-02 9.82198041e-01 -1.10966102e-01 7.39256181e-02 9.95372790e-01 6.13841401e-02 0.00000000e+00
-9.80616402e-01 8.42897682e-02 -1.76880487e-01 6.28075596e-01 -1.82156887e-01 -5.96131861e-02 9.81460716e-01 -1.10966102e-01 7.21826868e-02 9.94656475e-01 7.38116299e-02 0.00000000e+00
-9.80652762e-01 8.62180562e-02 -1.75745861e-01 6.28075596e-01 -1.82021436e-01 -7.12650601e-02 9.80708666e-01 -1.10966102e-01 7.20302555e-02 9.93724176e-01 8.55798124e-02 0.00000000e+00
-9.80649435e-01 8.90665436e-02 -1.74338281e-01 6.28075596e-01 -1.81751655e-01 -8.32601373e-02 9.79813291e-01 -1.10966102e-01 7.27531539e-02 9.92539622e-01 9.78369983e-02 0.00000000e+00
-9.80563040e-01 9.22417014e-02 -1.73169262e-01 6.28075596e-01 -1.81859393e-01 -9.60165960e-02 9.78625554e-01 -1.10966102e-01 7.36429631e-02 9.91096505e-01 1.10925345e-01 0.00000000e+00
-9.80369175e-01 9.59372412e-02 -1.72256572e-01 6.28075596e-01 -1.82439527e-01 -1.10034850e-01 9.77040506e-01 -1.10966102e-01 7.47803446e-02 9.89286802e-01 1.25377520e-01 0.00000000e+00
-9.80083816e-01 1.00056663e-01 -1.71535356e-01 7.17800679e-01 -1.83408231e-01 -1.24892184e-01 9.75070953e-01 -1.10966095e-01 7.61389205e-02 9.87112256e-01 1.40756024e-01 0.00000000e+00
-9.79761712e-01 1.03300327e-01 -1.71452703e-01 7.17800679e-01 -1.84866599e-01 -1.38529126e-01 9.72951192e-01 -1.10966095e-01 7.67549829e-02 9.84956204e-01 1.54822313e-01 0.00000000e+00
-9.79392130e-01 1.05156595e-01 -1.72433017e-01 7.17800679e-01 -1.87128333e-01 -1.51248197e-01 9.70621950e-01 -1.10966095e-01 7.59871166e-02 9.82886602e-01 1.67809072e-01 0.00000000e+00
-9.78908827e-01 1.06532998e-01 -1.74322196e-01 7.17800679e-01 -1.90306058e-01 -1.65160947e-01 9.67732125e-01 -1.10966095e-01 7.43041860e-02 9.80496090e-01 1.81951384e-01 0.00000000e+00
-9.78412589e-01 1.08707270e-01 -1.75759881e-01 7.17800679e-01 -1.93138798e-01 -1.78400318e-01 9.64816424e-01 -1.10966095e-01 7.35269409e-02 9.77934587e-01 1.95544708e-01 0.00000000e+00
-9.77878982e-01 1.11694618e-01 -1.76853069e-01 7.17800679e-01 -1.95747813e-01 -1.90655555e-01 9.61942438e-01 -1.10966095e-01 7.37257733e-02 9.75281893e-01 2.08302037e-01 0.00000000e+00
-9.77368092e-01 1.14874516e-01 -1.77638563e-01 8.07525764e-01 -1.98116095e-01 -2.02617196e-01 9.59007969e-01 -1.10966088e-01 7.41729486e-02 9.72496847e-01 2.20790073e-01 0.00000000e+00
-9.77009582e-01 1.17688365e-01 -1.77768739e-01 8.07525764e-01 -1.99819386e-01 -2.14791540e-01 9.56000422e-01 -1.10966088e-01 7.43269053e-02 9.69543214e-01 2.33369810e-01 0.00000000e+00
-9.76884323e-01 1.19436942e-01 -1.77290261e-01 8.07525764e-01 -2.00513010e-01 -2.24456099e-01 9.53632000e-01 -1.10966088e-01 7.41050097e-02 9.67137155e-01 2.43216306e-01 0.00000000e+00
-9.76872129e-01 1.20721096e-01 -1.76485868e-01 8.07525764e-01 -2.00638886e-01 -2.32158198e-01 9.51759743e-01 -1.10966088e-01 7.39248384e-02 9.65157494e-01 2.51010219e-01 0.00000000e+00
-9.76906363e-01 1.22341540e-01 -1.75175640e-01 8.07525764e-01 -2.00440425e-01 -2.40745851e-01 9.49665768e-01 -1.10966088e-01 7.40107643e-02 9.62846812e-01 2.59708344e-01 0.00000000e+00
-9.77029636e-01 1.24832261e-01 -1.72713629e-01 8.97250850e-01 -1.99553362e-01 -2.51547366e-01 9.47049301e-01 -1.10966079e-01 7.47766473e-02 9.59760819e-01 2.70679929e-01 0.00000000e+00
-9.77222054e-01 1.27576852e-01 -1.69591287e-01 8.97250850e-01 -1.98159239e-01 -2.62505625e-01 9.44364184e-01 -1.10966079e-01 7.59603428e-02 9.56459588e-01 2.81806818e-01 0.00000000e+00
-9.77283633e-01 1.29515912e-01 -1.67756759e-01 8.97250850e-01 -1.97535002e-01 -2.69850566e-01 9.42422726e-01 -1.10966079e-01 7.67894823e-02 9.54152137e-01 2.89304468e-01 0.00000000e+00
-9.77227546e-01 1.30815954e-01 -1.67073364e-01 8.97250850e-01 -1.97587602e-01 -2.73911726e-01 9.41239346e-01 -1.10966079e-01 7.73657698e-02 9.52816641e-01 2.93521695e-01 0.00000000e+00
-9.77153054e-01 1.32294907e-01 -1.66342919e-01 8.97250850e-01 -1.97718432e-01 -2.78707790e-01 9.39802846e-01 -1.10966079e-01 7.79700626e-02 9.51220282e-01 2.98497309e-01 0.00000000e+00
-9.77214742e-01 1.33017477e-01 -1.65401631e-01 9.86975935e-01 -1.97380522e-01 -2.82937805e-01 9.38609145e-01 -1.10966069e-01 7.80530458e-02 9.49869754e-01 3.02746053e-01 0.00000000e+00
-9.77315631e-01 1.33355864e-01 -1.64530758e-01 9.86975935e-01 -1.96983261e-01 -2.87011034e-01 9.37455205e-01 -1.10966069e-01 7.77930062e-02 9.48599431e-01 3.06769243e-01 0.00000000e+00
-9.77465548e-01 1.33664081e-01 -1.63386092e-01 9.86975935e-01 -1.96316189e-01 -2.91085496e-01 9.36338181e-01 -1.10966069e-01 7.75954613e-02 9.47313648e-01 3.10766467e-01 0.00000000e+00
-9.77713582e-01 1.34355605e-01 -1.61321801e-01 9.86975935e-01 -1.94932561e-01 -2.95630857e-01 9.35202488e-01 -1.10966069e-01 7.79579936e-02 9.45807046e-01 3.15232586e-01 0.00000000e+00
-9.78164030e-01 1.35997040e-01 -1.57162132e-01 9.86975935e-01 -1.91910868e-01 -3.00740330e-01 9.34197769e-01 -1.10966069e-01 7.97831399e-02 9.43959776e-01 3.20272683e-01 0.00000000e+00
-9.78630066e-01 1.37706343e-01 -1.52709386e-01 9.86975935e-01 -1.88593810e-01 -3.05115522e-01 9.33454280e-01 -1.10966069e-01 8.19485715e-02 9.42306469e-01 3.24565787e-01 0.00000000e+00
-9.79029929e-01 1.38916741e-01 -1.49005157e-01 9.86975935e-01 -1.85798362e-01 -3.08936230e-01 9.32757940e-01 -1.10966069e-01 8.35426022e-02 9.40882854e-01 3.28268318e-01 0.00000000e+00
-9.79270429e-01 1.39465487e-01 -1.46897258e-01 1.07670102e+00 -1.84157287e-01 -3.10993184e-01 9.32399771e-01 -1.10966058e-01 8.43535420e-02 9.40123724e-01 3.30230015e-01 0.00000000e+00
-9.79497651e-01 1.39831602e-01 -1.45022323e-01 1.07670102e+00 -1.82677849e-01 -3.13018022e-01 9.32013155e-01 -1.10966058e-01 8.49302920e-02 9.39397063e-01 3.32144553e-01 0.00000000e+00
-9.79673907e-01 1.39942760e-01 -1.43718685e-01 1.07670102e+00 -1.81668487e-01 -3.15151472e-01 9.31491337e-01 -1.10966058e-01 8.50623138e-02 9.38666913e-01 3.34168863e-01 0.00000000e+00
-9.79810798e-01 1.39727157e-01 -1.42993431e-01 1.07670102e+00 -1.81149194e-01 -3.17841395e-01 9.30678149e-01 -1.10966058e-01 8.45917799e-02 9.37791645e-01 3.36735893e-01 0.00000000e+00
-9.79894080e-01 1.39165901e-01 -1.42970083e-01 1.07670102e+00 -1.81172450e-01 -3.20489685e-01 9.29764973e-01 -1.10966058e-01 8.35711435e-02 9.36973433e-01 3.39258973e-01 0.00000000e+00
-9.79884681e-01 1.38244960e-01 -1.43924783e-01 1.07670102e+00 -1.81872689e-01 -3.21750835e-01 9.29192513e-01 -1.10966058e-01 8.21482629e-02 9.36677496e-01 3.40421697e-01 0.00000000e+00
-9.79808759e-01 1.37340976e-01 -1.45300556e-01 1.07670102e+00 -1.82848511e-01 -3.21551374e-01 9.29070038e-01 -1.10966058e-01 8.08777928e-02 9.36878952e-01 3.40171446e-01 0.00000000e+00
-9.79676722e-01 1.36201737e-01 -1.47250150e-01 1.16642611e+00 -1.84266278e-01 -3.21094883e-01 9.28947800e-01 -1.10966047e-01 7.92430339e-02 9.37201773e-01 3.39666570e-01 0.00000000e+00
-9.79560083e-01 1.35359340e-01 -1.48794802e-01 1.16642611e+00 -1.85471297e-01 -3.21454553e-01 9.28583528e-01 -1.10966047e-01 7.78616870e-02 9.37200523e-01 3.39989320e-01 0.00000000e+00
-9.79486099e-01 1.34710247e-01 -1.49867045e-01 1.16642612e+00 -1.86315172e-01 -3.22072570e-01 9.28200364e-01 -2.21932174e-01 7.67700357e-02 9.37081858e-01 3.40564168e-01 0.00000000e+00
-9.79382065e-01 1.34349484e-01 -1.50867447e-01 1.16642612e+00 -1.87226330e-01 -3.23150455e-01 9.27642218e-01 -2.21932174e-01 7.58753688e-02 9.36762510e-01 3.41641521e-01 0.00000000e+00
-9.79200218e-01 1.34965484e-01 -1.51496700e-01 1.16642612e+00 -1.88181972e-01 -3.24957867e-01 9.26817096e-01 -2.21932174e-01 7.58582738e-02 9.36048451e-01 3.43596886e-01 0.00000000e+00
-9.78977481e-01 1.36367923e-01 -1.51680196e-01 1.16642612e+00 -1.89003724e-01 -3.26911272e-01 9.25962533e-01 -2.21932174e-01 7.66856217e-02 9.35164590e-01 3.45812819e-01 0.00000000e+00
-9.78609950e-01 1.39261435e-01 -1.51422649e-01 1.16642612e+00 -1.90062259e-01 -3.30325123e-01 9.24533207e-01 -2.21932174e-01 7.87331162e-02 9.33537126e-01 3.49727795e-01 0.00000000e+00
-9.78332453e-01 1.42011145e-01 -1.50660037e-01 1.16642612e+00 -1.90601329e-01 -3.33604028e-01 9.23244001e-01 -2.21932174e-01 8.08501427e-02 9.31955572e-01 3.53443160e-01 0.00000000e+00
-9.78038230e-01 1.46084108e-01 -1.48662887e-01 1.25615120e+00 -1.90565752e-01 -3.37878284e-01 9.21695698e-01 -2.21932161e-01 8.44151326e-02 9.29783684e-01 3.58296506e-01 0.00000000e+00
-9.77786800e-01 1.49611415e-01 -1.46797131e-01 1.25615120e+00 -1.90478376e-01 -3.41984632e-01 9.20198076e-01 -2.21932161e-01 8.74697736e-02 9.27719212e-01 3.62885799e-01 0.00000000e+00
-9.77526548e-01 1.52216783e-01 -1.45848888e-01 1.25615120e+00 -1.91046711e-01 -3.47159518e-01 9.18140198e-01 -2.21932161e-01 8.91235170e-02 9.25370369e-01 3.68438161e-01 0.00000000e+00
-9.77315724e-01 1.53178814e-01 -1.46253980e-01 1.25615120e+00 -1.92347108e-01 -3.52958449e-01 9.15654369e-01 -2.21932161e-01 8.86372723e-02 9.23014943e-01 3.74415344e-01 0.00000000e+00
