-3.72803118e-01 -9.15745933e-01 -1.49757207e-01 -0.00000000e+00 9.27776507e-01 -3.70605005e-01 -4.33898925e-02 0.00000000e+00 -1.57666527e-02 -1.55117106e-01 9.87770265e-01 0.00000000e+00
-3.73933347e-01 -9.15423360e-01 -1.48909113e-01 -0.00000000e+00 9.27278974e-01 -3.72145017e-01 -4.07650590e-02 0.00000000e+00 -1.80984972e-02 -1.53323705e-01 9.88010266e-01 0.00000000e+00
-3.74320381e-01 -9.15307185e-01 -1.48650631e-01 -0.00000000e+00 9.27109589e-01 -3.72647523e-01 -4.00204082e-02 0.00000000e+00 -1.87633224e-02 -1.52795880e-01 9.88079631e-01 0.00000000e+00
-3.75039221e-01 -9.15089781e-01 -1.48176501e-01 -0.00000000e+00 9.26801146e-01 -3.73518374e-01 -3.90340740e-02 0.00000000e+00 -1.96269637e-02 -1.51969460e-01 9.88190298e-01 0.00000000e+00
-3.75811538e-01 -9.14864363e-01 -1.47610584e-01 -0.00000000e+00 9.26477874e-01 -3.74382677e-01 -3.84234294e-02 0.00000000e+00 -2.01106193e-02 -1.51197908e-01 9.88298920e-01 0.00000000e+00
-3.76627166e-01 -9.14569040e-01 -1.47361629e-01 -0.00000000e+00 9.26134092e-01 -3.75289715e-01 -3.78585934e-02 0.00000000e+00 -2.06790062e-02 -1.50735203e-01 9.88357869e-01 0.00000000e+00
-3.77687133e-01 -9.14085609e-01 -1.47647992e-01 -0.00000000e+00 9.25675820e-01 -3.76510863e-01 -3.69303027e-02 0.00000000e+00 -2.18336147e-02 -1.50622276e-01 9.88350253e-01 0.00000000e+00
-3.79042185e-01 -9.13391513e-01 -1.48468740e-01 -0.00000000e+00 9.25081289e-01 -3.78083445e-01 -3.57423654e-02 0.00000000e+00 -2.34867994e-02 -1.50893517e-01 9.88270973e-01 0.00000000e+00
-3.80502559e-01 -9.12603152e-01 -1.49577036e-01 -0.00000000e+00 9.24428085e-01 -3.79810443e-01 -3.43036910e-02 0.00000000e+00 -2.55052638e-02 -1.51325855e-01 9.88154830e-01 0.00000000e+00
-3.81908431e-01 -9.11819118e-01 -1.50770842e-01 -0.00000000e+00 9.23779826e-01 -3.81540484e-01 -3.25221817e-02 0.00000000e+00 -2.78708330e-02 -1.51699557e-01 9.88033634e-01 0.00000000e+00
-3.83064537e-01 -9.11147528e-01 -1.51893855e-01 -0.00000000e+00 9.23230977e-01 -3.83008035e-01 -3.08124526e-02 0.00000000e+00 -3.01018769e-02 -1.52036270e-01 9.87916418e-01 0.00000000e+00
-3.84070209e-01 -9.10533713e-01 -1.53030820e-01 -0.00000000e+00 9.22733298e-01 -3.84350112e-01 -2.89525733e-02 0.00000000e+00 -3.24551188e-02 -1.52326454e-01 9.87797204e-01 0.00000000e+00
-3.84647260e-01 -9.10137053e-01 -1.53938397e-01 -0.00000000e+00 9.22413072e-01 -3.85253505e-01 -2.70898696e-02 0.00000000e+00 -3.46498130e-02 -1.52414834e-01 9.87709020e-01 0.00000000e+00
-3.84745250e-01 -9.09986989e-01 -1.54579339e-01 -0.00000000e+00 9.22292828e-01 -3.85670629e-01 -2.51814414e-02 0.00000000e+00 -3.67019268e-02 -1.52255855e-01 9.87659417e-01 0.00000000e+00
-3.84497019e-01 -9.10020424e-01 -1.54999580e-01 -0.00000000e+00 9.22339048e-01 -3.85647675e-01 -2.38023491e-02 0.00000000e+00 -3.81146039e-02 -1.52114098e-01 9.87627753e-01 0.00000000e+00
-3.83844701e-01 -9.10195907e-01 -1.55584885e-01 -0.00000000e+00 9.22546488e-01 -3.85240974e-01 -2.23018002e-02 0.00000000e+00 -3.96386654e-02 -1.52094717e-01 9.87570743e-01 0.00000000e+00
-3.82683536e-01 -9.10570254e-01 -1.56253397e-01 -0.00000000e+00 9.22966429e-01 -3.84315251e-01 -2.08508782e-02 0.00000000e+00 -4.10643743e-02 -1.52195928e-01 9.87496895e-01 0.00000000e+00
-3.81639615e-01 -9.10948967e-01 -1.56598797e-01 -0.00000000e+00 9.23360466e-01 -3.83417959e-01 -1.99027037e-02 0.00000000e+00 -4.19124439e-02 -1.52192799e-01 9.87461746e-01 0.00000000e+00
-3.79701368e-01 -9.11723082e-01 -1.56805272e-01 -0.00000000e+00 9.24107104e-01 -3.81688763e-01 -1.84322657e-02 0.00000000e+00 -4.30456881e-02 -1.51903622e-01 9.87457522e-01 0.00000000e+00
-3.77975452e-01 -9.12452547e-01 -1.56731960e-01 -0.00000000e+00 9.24781382e-01 -3.80103381e-01 -1.73440203e-02 0.00000000e+00 -4.37487523e-02 -1.51498412e-01 9.87488875e-01 0.00000000e+00
-3.75889922e-01 -9.13327478e-01 -1.56651474e-01 -0.00000000e+00 9.25595782e-01 -3.78168682e-01 -1.61522765e-02 0.00000000e+00 -4.44883636e-02 -1.51067422e-01 9.87521858e-01 0.00000000e+00
-3.72762618e-01 -9.14590740e-01 -1.56753974e-01 -0.00000000e+00 9.26803472e-01 -3.75270052e-01 -1.44122247e-02 0.00000000e+00 -4.56437849e-02 -1.50652466e-01 9.87532521e-01 0.00000000e+00
-3.68515099e-01 -9.16249173e-01 -1.57111661e-01 -0.00000000e+00 9.28414035e-01 -3.71354211e-01 -1.19762053e-02 0.00000000e+00 -4.73708887e-02 -1.50278083e-01 9.87508226e-01 0.00000000e+00
-3.63560971e-01 -9.18146293e-01 -1.57577934e-01 -0.00000000e+00 9.30268228e-01 -3.66761784e-01 -9.31759914e-03 0.00000000e+00 -4.92386451e-02 -1.49977261e-01 9.87462595e-01 0.00000000e+00
-3.56995465e-01 -9.20617687e-01 -1.58168620e-01 -0.00000000e+00 9.32706816e-01 -3.60578166e-01 -6.43279580e-03 0.00000000e+00 -5.11100052e-02 -1.49821429e-01 9.87391162e-01 0.00000000e+00
-3.52112022e-01 -9.22414470e-01 -1.58646363e-01 -0.00000000e+00 9.34499908e-01 -3.55933600e-01 -4.60363094e-03 0.00000000e+00 -5.22211153e-02 -1.49876005e-01 9.87324738e-01 0.00000000e+00
-3.46002828e-01 -9.24633611e-01 -1.59168870e-01 -8.97247938e-02 9.36715810e-01 -3.50081239e-01 -2.57235900e-03 1.10966131e-01 -5.33435457e-02 -1.49986041e-01 9.87248020e-01 0.00000000e+00
-3.37216257e-01 -9.27795373e-01 -1.59627513e-01 -8.97247938e-02 9.39848794e-01 -3.41590754e-01 -3.74093383e-05 1.10966131e-01 -5.44925743e-02 -1.50038341e-01 9.87177317e-01 0.00000000e+00
-3.26209048e-01 -9.31674963e-01 -1.59904409e-01 -8.97247938e-02 9.43684502e-01 -3.30837529e-01 2.46784606e-03 1.10966131e-01 -5.52016101e-02 -1.50094279e-01 9.87129419e-01 0.00000000e+00
-3.18633836e-01 -9.34280266e-01 -1.59977694e-01 -8.97247938e-02 9.46232541e-01 -3.23457749e-01 4.36615532e-03 1.10966131e-01 -5.58252375e-02 -1.49984895e-01 9.87110974e-01 0.00000000e+00
-3.08642472e-01 -9.37646897e-01 -1.59869074e-01 -8.97247938e-02 9.49440948e-01 -3.13849503e-01 7.77018441e-03 1.10966131e-01 -5.74605189e-02 -1.49388036e-01 9.87107645e-01 0.00000000e+00
-2.96112736e-01 -9.41758615e-01 -1.59398740e-01 -8.97247938e-02 9.53239910e-01 -3.01932485e-01 1.30555674e-02 1.10966131e-01 -6.04228508e-02 -1.48079321e-01 9.87127952e-01 0.00000000e+00
-2.88804014e-01 -9.44070203e-01 -1.59134197e-01 -8.97247938e-02 9.55364117e-01 -2.94987189e-01 1.61852291e-02 1.10966131e-01 -6.22225421e-02 -1.47356743e-01 9.87124281e-01 0.00000000e+00
-2.78147630e-01 -9.47299826e-01 -1.58924305e-01 -8.97247938e-02 9.58358484e-01 -2.84831948e-01 2.04884582e-02 1.10966131e-01 -6.46754323e-02 -1.46607640e-01 9.87078157e-01 0.00000000e+00
-2.65871030e-01 -9.50838926e-01 -1.58801548e-01 -8.97247938e-02 9.61636866e-01 -2.73141896e-01 2.54566939e-02 1.10966131e-01 -6.75805715e-02 -1.45941226e-01 9.86982282e-01 0.00000000e+00
-2.54868111e-01 -9.53865013e-01 -1.58693990e-01 -8.97247938e-02 9.64446692e-01 -2.62616778e-01 2.95805159e-02 1.10966131e-01 -6.98915234e-02 -1.45512763e-01 9.86884598e-01 0.00000000e+00
-2.43128422e-01 -9.56955598e-01 -1.58507267e-01 -8.97247938e-02 9.67332093e-01 -2.51300178e-01 3.34192037e-02 1.10966131e-01 -7.18135986e-02 -1.45204008e-01 9.86792077e-01 0.00000000e+00
-2.24485790e-01 -9.61571353e-01 -1.58071703e-01 -8.97247938e-02 9.71659582e-01 -2.33198986e-01 3.86767249e-02 1.10966131e-01 -7.40525916e-02 -1.44909510e-01 9.86669878e-01 0.00000000e+00
-2.11785358e-01 -9.64489613e-01 -1.57818718e-01 -8.97247938e-02 9.74407356e-01 -2.20833419e-01 4.19869597e-02 1.10966131e-01 -7.53476337e-02 -1.44887497e-01 9.86575059e-01 0.00000000e+00
-1.97126664e-01 -9.67584352e-01 -1.57865766e-01 -8.97247938e-02 9.77362741e-01 -2.06575352e-01 4.57022568e-02 1.10966131e-01 -7.68319646e-02 -1.45282984e-01 9.86402405e-01 0.00000000e+00
-1.86325804e-01 -9.69668718e-01 -1.58193779e-01 -8.97247938e-02 9.79397264e-01 -1.96077714e-01 4.83169605e-02 1.10966131e-01 -7.78697197e-02 -1.45931858e-01 9.86225228e-01 0.00000000e+00
-1.76604488e-01 -9.71452034e-01 -1.58403913e-01 -8.97247938e-02 9.81153097e-01 -1.86570115e-01 5.03010140e-02 1.10966131e-01 -7.84184587e-02 -1.46535105e-01 9.86092292e-01 0.00000000e+00
-1.62267548e-01 -9.73980850e-01 -1.58210451e-01 3.13014871e-10 9.83650412e-01 -1.72357566e-01 5.21990068e-02 1.10966131e-01 -7.81096014e-02 -1.47153571e-01 9.86024704e-01 0.00000000e+00
-1.50296596e-01 -9.75964066e-01 -1.57813418e-01 3.13014871e-10 9.85639818e-01 -1.60347382e-01 5.29420958e-02 1.10966131e-01 -7.69745515e-02 -1.47590172e-01 9.86048711e-01 0.00000000e+00
-1.40901458e-01 -9.77485779e-01 -1.57061553e-01 3.13014871e-10 9.87115401e-01 -1.50859376e-01 5.33351127e-02 1.10966131e-01 -7.58285219e-02 -1.47522882e-01 9.86147572e-01 0.00000000e+00
-1.25810979e-01 -9.79915642e-01 -1.54715647e-01 3.13014871e-10 9.89304652e-01 -1.35530356e-01 5.39242764e-02 1.10966131e-01 -7.38099087e-02 -1.46276643e-01 9.86486311e-01 0.00000000e+00
-1.16198865e-01 -9.81422279e-01 -1.52670018e-01 3.13014871e-10 9.90589370e-01 -1.25705721e-01 5.41365947e-02 1.10966131e-01 -7.23223549e-02 -1.44942687e-01 9.86793339e-01 0.00000000e+00
-1.04412893e-01 -9.83211437e-01 -1.49643639e-01 3.13014871e-10 9.92028165e-01 -1.13638627e-01 5.44645019e-02 1.10966131e-01 -7.05554188e-02 -1.42763908e-01 9.87238775e-01 0.00000000e+00
-9.24061870e-02 -9.85017987e-01 -1.45604471e-01 3.13014871e-10 9.93318831e-01 -1.01344463e-01 5.51996343e-02 1.10966131e-01 -6.91288396e-02 -1.39530875e-01 9.87801771e-01 0.00000000e+00
-8.14475282e-02 -9.86673262e-01 -1.40862254e-01 3.13014871e-10 9.94347714e-01 -9.00996417e-02 5.61665297e-02 1.10966131e-01 -6.81096516e-02 -1.35491435e-01 9.88434695e-01 0.00000000e+00
-7.34685076e-02 -9.87775157e-01 -1.37486790e-01 3.13014871e-10 9.95018650e-01 -8.19150784e-02 5.68137794e-02 1.10966131e-01 -6.73814811e-02 -1.32627896e-01 9.88872882e-01 0.00000000e+00
-6.35270956e-02 -9.88927053e-01 -1.34117829e-01 3.13014871e-10 9.95781356e-01 -7.17280831e-02 5.72238935e-02 1.10966131e-01 -6.62102712e-02 -1.29916766e-01 9.89311798e-01 0.00000000e+00
-5.48456274e-02 -9.89785020e-01 -1.31596245e-01 3.13014871e-10 9.96381892e-01 -6.28216512e-02 5.72412934e-02 1.10966131e-01 -6.49236681e-02 -1.27980681e-01 9.89649363e-01 0.00000000e+00
-4.58614838e-02 -9.90520352e-01 -1.29484193e-01 3.13014871e-10 9.96907375e-01 -5.36622026e-02 5.74112733e-02 1.10966131e-01 -6.38154417e-02 -1.26450781e-01 9.89918072e-01 0.00000000e+00
-3.70473655e-02 -9.91084676e-01 -1.27979129e-01 3.13014871e-10 9.97300720e-01 -4.47925214e-02 5.81799344e-02 1.10966131e-01 -6.33937493e-02 -1.25478264e-01 9.90068906e-01 0.00000000e+00
-2.71819721e-02 -9.91526610e-01 -1.27028038e-01 8.97247971e-02 9.97601048e-01 -3.50001501e-02 5.97255255e-02 1.10966132e-01 -6.36654482e-02 -1.25099846e-01 9.90099358e-01 0.00000000e+00
-1.74970274e-02 -9.91812329e-01 -1.26499637e-01 8.97247971e-02 9.97780526e-01 -2.54504611e-02 6.15328873e-02 1.10966132e-01 -6.42485503e-02 -1.25142232e-01 9.90056335e-01 0.00000000e+00
-7.87581563e-03 -9.91995310e-01 -1.26028874e-01 8.97247971e-02 9.97866983e-01 -1.59641726e-02 6.32979389e-02 1.10966132e-01 -6.48032052e-02 -1.25261530e-01 9.90005098e-01 0.00000000e+00
2.43131205e-03 -9.92074870e-01 -1.25624603e-01 8.97247971e-02 9.97840288e-01 -5.83942817e-03 6.54267622e-02 1.10966132e-01 -6.56418225e-02 -1.25512363e-01 9.89918076e-01 0.00000000e+00
1.11574483e-02 -9.92025473e-01 -1.25542711e-01 8.97247971e-02 9.97755016e-01 2.75392662e-03 6.69129618e-02 1.10966132e-01 -6.60336272e-02 -1.26007447e-01 9.89829118e-01 0.00000000e+00
2.20973674e-02 -9.91786035e-01 -1.25984793e-01 8.97247971e-02 9.97631988e-01 1.36650467e-02 6.74068502e-02 1.10966132e-01 -6.51315846e-02 -1.27175973e-01 9.89739435e-01 0.00000000e+00
2.88683510e-02 -9.91536079e-01 -1.26581289e-01 8.97247971e-02 9.97537937e-01 2.04806029e-02 6.70716716e-02 1.10966132e-01 -6.39115212e-02 -1.28205887e-01 9.89686096e-01 0.00000000e+00
3.56770178e-02 -9.91198430e-01 -1.27486561e-01 8.97247971e-02 9.97401355e-01 2.73263248e-02 6.66618946e-02 1.10966132e-01 -6.25914261e-02 -1.29533567e-01 9.89597579e-01 0.00000000e+00
4.39178876e-02 -9.90662759e-01 -1.29067875e-01 1.79449597e-01 9.97157772e-01 3.55515005e-02 6.64264082e-02 1.89617823e-09 -6.12176123e-02 -1.31618342e-01 9.89408417e-01 0.00000000e+00
5.22325698e-02 -9.89978945e-01 -1.31200028e-01 1.79449597e-01 9.96842762e-01 4.38194266e-02 6.62145395e-02 1.89617823e-09 -5.98018899e-02 -1.34244354e-01 9.89142147e-01 0.00000000e+00
5.98586421e-02 -9.89253243e-01 -1.33397766e-01 1.79449597e-01 9.96491097e-01 5.13877191e-02 6.60665949e-02 1.89617823e-09 -5.85015864e-02 -1.36884343e-01 9.88858049e-01 0.00000000e+00
6.83265330e-02 -9.88332011e-01 -1.36129798e-01 1.79449597e-01 9.96029518e-01 5.97716507e-02 6.59738582e-02 1.89617823e-09 -5.70673732e-02 -1.40097062e-01 9.88491845e-01 0.00000000e+00
7.42199884e-02 -9.87607123e-01 -1.38287974e-01 1.79449597e-01 9.95664933e-01 6.55913080e-02 6.59478660e-02 1.89617823e-09 -5.60600931e-02 -1.42583136e-01 9.88193966e-01 0.00000000e+00
8.08182547e-02 -9.86775210e-01 -1.40510123e-01 1.79449597e-01 9.95211004e-01 7.21124403e-02 6.59913159e-02 1.89617823e-09 -5.49860667e-02 -1.45170524e-01 9.87877549e-01 0.00000000e+00
8.92672131e-02 -9.85755201e-01 -1.42541394e-01 1.79449597e-01 9.94553291e-01 8.04880908e-02 6.62224930e-02 1.89617823e-09 -5.38062822e-02 -1.47676510e-01 9.87571026e-01 0.00000000e+00
1.01643086e-01 -9.84290215e-01 -1.44365704e-01 1.79449597e-01 9.93436901e-01 9.27750802e-02 6.69022362e-02 1.89617823e-09 -5.24576766e-02 -1.50218368e-01 9.87260165e-01 0.00000000e+00
1.07446882e-01 -9.83578172e-01 -1.45014302e-01 1.79449597e-01 9.92869220e-01 9.85794916e-02 6.70283281e-02 1.89617823e-09 -5.16321643e-02 -1.51182221e-01 9.87156551e-01 0.00000000e+00
1.15226533e-01 -9.82594171e-01 -1.45710473e-01 1.79449597e-01 9.92076598e-01 1.06441540e-01 6.67399532e-02 1.89617823e-09 -5.00686418e-02 -1.52246164e-01 9.87073572e-01 0.00000000e+00
1.21617930e-01 -9.81769071e-01 -1.46077273e-01 1.79449597e-01 9.91391396e-01 1.12958974e-01 6.62070311e-02 1.89617823e-09 -4.84992766e-02 -1.52871714e-01 9.87055246e-01 0.00000000e+00
1.29706636e-01 -9.80678713e-01 -1.46442651e-01 1.79449597e-01 9.90470825e-01 1.21247910e-01 6.53183621e-02 1.89617823e-09 -4.63004620e-02 -1.53519398e-01 9.87060313e-01 0.00000000e+00
1.38159260e-01 -9.79442263e-01 -1.46985960e-01 1.79449597e-01 9.89444241e-01 1.29943624e-01 6.41463133e-02 1.89617823e-09 -4.37277221e-02 -1.54296818e-01 9.87056421e-01 0.00000000e+00
1.46000662e-01 -9.78216693e-01 -1.47566620e-01 1.79449597e-01 9.88432053e-01 1.38051875e-01 6.27993306e-02 1.89617823e-09 -4.10595049e-02 -1.55028321e-01 9.87056400e-01 0.00000000e+00
1.56043124e-01 -9.76638856e-01 -1.47739932e-01 1.79449597e-01 9.87012492e-01 1.48392682e-01 6.15301002e-02 1.89617823e-09 -3.81691619e-02 -1.55422508e-01 9.87110409e-01 0.00000000e+00
1.67283590e-01 -9.74914579e-01 -1.46825624e-01 1.79449597e-01 9.85252230e-01 1.59873773e-01 6.09788506e-02 1.89617823e-09 -3.59756041e-02 -1.54861034e-01 9.87281022e-01 0.00000000e+00
1.78266029e-01 -9.73197872e-01 -1.45282916e-01 2.69174395e-01 9.83381173e-01 1.71044208e-01 6.08715606e-02 4.00581941e-09 -3.43902718e-02 -1.53719816e-01 9.87515837e-01 0.00000000e+00
1.88643521e-01 -9.71499717e-01 -1.43533696e-01 2.69174395e-01 9.81470624e-01 1.81507603e-01 6.14036249e-02 4.00581941e-09 -3.36011471e-02 -1.52457502e-01 9.87738666e-01 0.00000000e+00
2.02495598e-01 -9.69089524e-01 -1.40929160e-01 2.69174395e-01 9.78697702e-01 1.95292409e-01 6.33378404e-02 4.00581941e-09 -3.38576423e-02 -1.50752679e-01 9.87991543e-01 0.00000000e+00
2.15343510e-01 -9.66715870e-01 -1.38157879e-01 2.69174395e-01 9.75906976e-01 2.07952976e-01 6.60388844e-02 4.00581941e-09 -3.51104955e-02 -1.49050283e-01 9.88206085e-01 0.00000000e+00
2.29558085e-01 -9.63893884e-01 -1.34950609e-01 2.69174395e-01 9.72592619e-01 2.21910253e-01 6.94221644e-02 4.00581941e-09 -3.69686759e-02 -1.47188385e-01 9.88417369e-01 0.00000000e+00
2.46526796e-01 -9.60232927e-01 -1.31062064e-01 2.69174395e-01 9.68328485e-01 2.38539122e-01 7.37497903e-02 4.00581941e-09 -3.95535473e-02 -1.45092429e-01 9.88627181e-01 0.00000000e+00
2.58159127e-01 -9.57544951e-01 -1.28302502e-01 2.69174395e-01 9.65204002e-01 2.49908489e-01 7.69868883e-02 4.00581941e-09 -4.16545218e-02 -1.43712956e-01 9.88742376e-01 0.00000000e+00
2.69967095e-01 -9.54641235e-01 -1.25610034e-01 2.69174395e-01 9.61877966e-01 2.61465522e-01 8.01658220e-02 4.00581941e-09 -4.36869063e-02 -1.42463658e-01 9.88835457e-01 0.00000000e+00
2.84734223e-01 -9.50728868e-01 -1.22641928e-01 2.69174395e-01 9.57519567e-01 2.75983374e-01 8.36029712e-02 4.00581941e-09 -4.56366251e-02 -1.41236673e-01 9.88923405e-01 0.00000000e+00
2.99485712e-01 -9.46524243e-01 -1.20000689e-01 3.58899193e-01 9.52934107e-01 2.90526191e-01 8.66667219e-02 7.44467069e-09 -4.71688103e-02 -1.40308194e-01 9.88983677e-01 0.00000000e+00
3.09187014e-01 -9.43608316e-01 -1.18350056e-01 3.58899193e-01 9.49779517e-01 3.00083207e-01 8.87070381e-02 7.44467069e-09 -4.81898346e-02 -1.39833523e-01 9.89001681e-01 0.00000000e+00
3.22550447e-01 -9.39404644e-01 -1.16103938e-01 3.58899193e-01 9.45230558e-01 3.13187988e-01 9.19373497e-02 7.44467069e-09 -5.00040143e-02 -1.39399424e-01 9.88972901e-01 0.00000000e+00
3.29646905e-01 -9.37077881e-01 -1.14969398e-01 3.58899193e-01 9.42716791e-01 3.20112970e-01 9.38761885e-02 7.44467069e-09 -5.11661043e-02 -1.39329577e-01 9.88923303e-01 0.00000000e+00
3.39846917e-01 -9.33615274e-01 -1.13431010e-01 3.58899193e-01 9.38998927e-01 3.30066617e-01 9.66283779e-02 7.44467069e-09 -5.27739398e-02 -1.39350453e-01 9.88835862e-01 0.00000000e+00
3.51227760e-01 -9.29591319e-01 -1.11799107e-01 4.48623991e-01 9.34729627e-01 3.41242782e-01 9.91659604e-02 1.17616258e-08 -5.40331777e-02 -1.39331776e-01 9.88770485e-01 0.00000000e+00
3.59992670e-01 -9.26386480e-01 -1.10514107e-01 4.48623991e-01 9.31354263e-01 3.49908321e-01 1.00714470e-01 1.17616258e-08 -5.46307177e-02 -1.39184255e-01 9.88758427e-01 0.00000000e+00
3.70218353e-01 -9.22491175e-01 -1.09308753e-01 4.48623991e-01 9.27305944e-01 3.60011284e-01 1.02447849e-01 1.17616258e-08 -5.51548523e-02 -1.39290730e-01 9.88714334e-01 0.00000000e+00
3.81321731e-01 -9.17977061e-01 -1.09141432e-01 4.48623991e-01 9.22770118e-01 3.70871787e-01 1.04639509e-01 1.17616258e-08 -5.55791910e-02 -1.40613771e-01 9.88503273e-01 0.00000000e+00
3.89295424e-01 -9.14537847e-01 -1.09861730e-01 5.38348787e-01 9.19428883e-01 3.78600903e-01 1.06357349e-01 1.68131354e-08 -5.56740707e-02 -1.42414477e-01 9.88240110e-01 0.00000000e+00
3.96460945e-01 -9.11372596e-01 -1.10538277e-01 5.38348787e-01 9.16341694e-01 3.85498276e-01 1.08208038e-01 1.68131354e-08 -5.60055254e-02 -1.44191093e-01 9.87963719e-01 0.00000000e+00
4.01655828e-01 -9.09109108e-01 -1.10422935e-01 5.38348787e-01 9.14011164e-01 3.90437426e-01 1.10191693e-01 1.68131354e-08 -5.70630250e-02 -1.45186931e-01 9.87757342e-01 0.00000000e+00
4.04487341e-01 -9.07904879e-01 -1.09994190e-01 5.38348787e-01 9.12682680e-01 3.93065390e-01 1.11847772e-01 1.68131354e-08 -5.83122286e-02 -1.45630800e-01 9.87619033e-01 0.00000000e+00
4.06211693e-01 -9.07219485e-01 -1.09292572e-01 5.38348787e-01 9.11808149e-01 3.94574684e-01 1.13651739e-01 1.68131354e-08 -5.99829903e-02 -1.45820523e-01 9.87490970e-01 0.00000000e+00
4.05912531e-01 -9.07448684e-01 -1.08498402e-01 6.28073585e-01 9.11829479e-01 3.94113711e-01 1.15071214e-01 2.28464847e-08 -6.16605137e-02 -1.45640890e-01 9.87414154e-01 0.00000000e+00
4.03605589e-01 -9.08575097e-01 -1.07674608e-01 6.28073585e-01 9.12754013e-01 3.91728856e-01 1.15881903e-01 2.28464847e-08 -6.31081600e-02 -1.45051014e-01 9.87409522e-01 0.00000000e+00
4.00591151e-01 -9.09983890e-01 -1.07032940e-01 6.28073585e-01 9.14004186e-01 3.88683988e-01 1.16280291e-01 2.28464847e-08 -6.42112019e-02 -1.44409411e-01 9.87432450e-01 0.00000000e+00
3.95916446e-01 -9.12088178e-01 -1.06514429e-01 6.28073585e-01 9.15966936e-01 3.84011436e-01 1.16360602e-01 2.28464847e-08 -6.52283704e-02 -1.43632771e-01 9.87479056e-01 0.00000000e+00
3.90568796e-01 -9.14420597e-01 -1.06259059e-01 6.28073585e-01 9.18240610e-01 3.78762238e-01 1.15643199e-01 2.28464847e-08 -6.54996040e-02 -1.42738008e-01 9.87590838e-01 0.00000000e+00
3.82861037e-01 -9.17675905e-01 -1.06246689e-01 6.28073585e-01 9.21457815e-01 3.71158899e-01 1.14702079e-01 2.28464847e-08 -6.58249302e-02 -1.41816799e-01 9.87701916e-01 0.00000000e+00
3.73212368e-01 -9.21591069e-01 -1.06688472e-01 7.17798383e-01 9.25285462e-01 3.61383453e-01 1.15103492e-01 2.97060699e-08 -6.75229023e-02 -1.41675339e-01 9.87607592e-01 0.00000000e+00
3.64063563e-01 -9.25168548e-01 -1.07335362e-01 7.17798383e-01 9.28741184e-01 3.51956250e-01 1.16475792e-01 2.97060699e-08 -6.99823882e-02 -1.42091363e-01 9.87376580e-01 0.00000000e+00
3.53415432e-01 -9.29155073e-01 -1.08482178e-01 7.17798383e-01 9.32634746e-01 3.40952113e-01 1.18085082e-01 2.97060699e-08 -7.27321248e-02 -1.42907339e-01 9.87060044e-01 0.00000000e+00
3.41578725e-01 -9.33344555e-01 -1.10417014e-01 7.17798383e-01 9.36854898e-01 3.28754414e-01 1.19262045e-01 2.97060699e-08 -7.50124997e-02 -1.44182098e-01 9.86703931e-01 0.00000000e+00
3.27808358e-01 -9.37924283e-01 -1.13312489e-01 7.17798383e-01 9.41580512e-01 3.14544659e-01 1.20365261e-01 2.97060699e-08 -7.72516628e-02 -1.46149570e-01 9.86241595e-01 0.00000000e+00
3.17945746e-01 -9.41041387e-01 -1.15549169e-01 7.17798383e-01 9.44859686e-01 3.04412985e-01 1.20718302e-01 2.97060699e-08 -7.84262511e-02 -1.47559622e-01 9.85938883e-01 0.00000000e+00
3.00925597e-01 -9.46153514e-01 -1.19320216e-01 7.17798383e-01 9.50342369e-01 2.87117900e-01 1.20052874e-01 2.97060699e-08 -7.93294789e-02 -1.49522039e-01 9.85570897e-01 0.00000000e+00
2.87525501e-01 -9.49938757e-01 -1.22251563e-01 7.17798383e-01 9.54489562e-01 2.73635965e-01 1.18629826e-01 2.97060699e-08 -7.92386450e-02 -1.50796941e-01 9.85383945e-01 0.00000000e+00
2.73089769e-01 -9.53771984e-01 -1.25463063e-01 7.17798383e-01 9.58764118e-01 2.59180340e-01 1.16605824e-01 2.97060699e-08 -7.86978091e-02 -1.52133341e-01 9.85221854e-01 0.00000000e+00
2.53538571e-01 -9.58541876e-01 -1.30060234e-01 7.17798392e-01 9.64226628e-01 2.39678399e-01 1.13231067e-01 -1.10966100e-01 -7.73640909e-02 -1.54115984e-01 9.85019320e-01 0.00000000e+00
2.41716791e-01 -9.61189938e-01 -1.32992094e-01 8.07523191e-01 9.67359493e-01 2.27952343e-01 1.10694808e-01 -1.10966092e-01 -7.60828758e-02 -1.55407958e-01 9.84916120e-01 0.00000000e+00
2.25312435e-01 -9.64603598e-01 -1.37018995e-01 8.07523191e-01 9.71451900e-01 2.11704001e-01 1.07063636e-01 -1.10966092e-01 -7.42664993e-02 -1.57230132e-01 9.84765542e-01 0.00000000e+00
2.06876309e-01 -9.68116020e-01 -1.41257089e-01 8.07523191e-01 9.75643350e-01 1.93372812e-01 1.03571279e-01 -1.10966092e-01 -7.29537336e-02 -1.59242983e-01 9.84540210e-01 0.00000000e+00
1.97790158e-01 -9.69716511e-01 -1.43279243e-01 8.07523191e-01 9.77557343e-01 1.84314284e-01 1.02028852e-01 -1.10966092e-01 -7.25306510e-02 -1.60243979e-01 9.84409047e-01 0.00000000e+00
1.69299303e-01 -9.74235005e-01 -1.49009732e-01 8.07523191e-01 9.82964191e-01 1.55935553e-01 9.72908109e-02 -1.10966092e-01 -7.15481987e-02 -1.62942497e-01 9.84037905e-01 0.00000000e+00
1.51512778e-01 -9.76692766e-01 -1.52036573e-01 8.07523191e-01 9.85915948e-01 1.38307004e-01 9.40261497e-02 -1.10966092e-01 -7.08069373e-02 -1.64141445e-01 9.83892252e-01 0.00000000e+00
1.40684331e-01 -9.78066696e-01 -1.53601620e-01 8.07523191e-01 9.87516044e-01 1.27521848e-01 9.24675174e-02 -1.10966092e-01 -7.08518366e-02 -1.64692795e-01 9.83796880e-01 0.00000000e+00
1.27116656e-01 -9.79695159e-01 -1.55044354e-01 8.07523191e-01 9.89252175e-01 1.13832988e-01 9.17724619e-02 -1.10966092e-01 -7.22598747e-02 -1.65043773e-01 9.83635636e-01 0.00000000e+00
1.13716541e-01 -9.81201371e-01 -1.55924399e-01 8.07523201e-01 9.90676667e-01 1.00135690e-01 9.23719924e-02 -2.21932223e-01 -7.50219282e-02 -1.64974888e-01 9.83440388e-01 0.00000000e+00
1.04997751e-01 -9.82081598e-01 -1.56496666e-01 8.07523201e-01 9.91477285e-01 9.11728598e-02 9.30607519e-02 -2.21932223e-01 -7.71250034e-02 -1.64934059e-01 9.83284542e-01 0.00000000e+00
9.36981348e-02 -9.83096522e-01 -1.57295543e-01 8.97248002e-01 9.92364127e-01 7.94917007e-02 9.43107029e-02 -2.21932214e-01 -8.02128338e-02 -1.64931191e-01 9.83037946e-01 0.00000000e+00
7.88114110e-02 -9.84230791e-01 -1.58361963e-01 8.97248002e-01 9.93271334e-01 6.40060180e-02 9.65157370e-02 -2.21932214e-01 -8.48576416e-02 -1.64902939e-01 9.82652635e-01 0.00000000e+00
7.09044270e-02 -9.84704851e-01 -1.59150617e-01 8.97248002e-01 9.93687127e-01 5.58233604e-02 9.73121110e-02 -2.21932214e-01 -8.69393855e-02 -1.65045779e-01 9.82446657e-01 0.00000000e+00
5.93652026e-02 -9.85197042e-01 -1.60818412e-01 8.97248002e-01 9.94262052e-01 4.39950780e-02 9.75059209e-02 -2.21932214e-01 -8.89873262e-02 -1.65684104e-01 9.82155809e-01 0.00000000e+00
4.61468270e-02 -9.85489918e-01 -1.63340419e-01 8.97248002e-01 9.94840989e-01 3.05509943e-02 9.67369759e-02 -2.21932214e-01 -9.03431022e-02 -1.66961848e-01 9.81815596e-01 0.00000000e+00
3.71921625e-02 -9.85561969e-01 -1.65179743e-01 8.97248002e-01 9.95210173e-01 2.15760229e-02 9.53477136e-02 -2.21932214e-01 -9.04071584e-02 -1.67934749e-01 9.81643757e-01 0.00000000e+00
2.52023152e-02 -9.85522416e-01 -1.67661598e-01 8.97248002e-01 9.95686500e-01 9.76550932e-03 9.22660696e-02 -2.21932214e-01 -8.92929789e-02 -1.69263709e-01 9.81517479e-01 0.00000000e+00
9.61443371e-03 -9.85213047e-01 -1.71063776e-01 9.86972802e-01 9.96229914e-01 -5.31269077e-03 8.65894526e-02 -2.21932204e-01 -8.62178674e-02 -1.71251359e-01 9.81447630e-01 0.00000000e+00
-1.68896275e-03 -9.84919260e-01 -1.73006353e-01 9.86972815e-01 9.96509106e-01 -1.60980613e-02 8.19173607e-02 -3.32898336e-01 -8.34670532e-02 -1.72264051e-01 9.81508201e-01 0.00000000e+00
-1.35984771e-02 -9.84609020e-01 -1.74241670e-01 9.86972815e-01 9.96708978e-01 -2.72745621e-02 7.63368238e-02 -3.32898336e-01 -7.99142905e-02 -1.72630173e-01 9.81739543e-01 0.00000000e+00
-2.44137945e-02 -9.84316124e-01 -1.74716155e-01 9.86972815e-01 9.96802877e-01 -3.72684794e-02 7.06759174e-02 -3.32898336e-01 -7.60788505e-02 -1.72432099e-01 9.82079009e-01 0.00000000e+00
-3.53119739e-02 -9.84078062e-01 -1.74193664e-01 9.86972815e-01 9.96727930e-01 -4.73604166e-02 6.55013280e-02 -3.32898336e-01 -7.27083044e-02 -1.71310709e-01 9.82530480e-01 0.00000000e+00
-4.72016658e-02 -9.83935714e-01 -1.72170014e-01 9.86972815e-01 9.96397527e-01 -5.85368296e-02 6.13629161e-02 -3.32898336e-01 -7.04554515e-02 -1.68653345e-01 9.83154148e-01 0.00000000e+00
-5.91369245e-02 -9.83867539e-01 -1.68841613e-01 9.86972815e-01 9.95863019e-01 -6.98348694e-02 5.81372374e-02 -3.32898336e-01 -6.89903727e-02 -1.64705061e-01 9.83927117e-01 0.00000000e+00
-6.81126303e-02 -9.83795600e-01 -1.65852001e-01 9.86972815e-01 9.95369237e-01 -7.83114657e-02 5.57440281e-02 -3.32898336e-01 -6.78288428e-02 -1.61287107e-01 9.84573876e-01 0.00000000e+00
-7.98195085e-02 -9.83669166e-01 -1.61318996e-01 9.86972815e-01 9.94632066e-01 -8.92858356e-02 5.22981237e-02 -3.32898336e-01 -6.58475530e-02 -1.56278635e-01 9.85515646e-01 0.00000000e+00
-9.19106569e-02 -9.83494770e-01 -1.55853995e-01 1.07669762e+00 9.93734150e-01 -1.00589196e-01 4.87263067e-02 -3.32898325e-01 -6.35992959e-02 -1.50398970e-01 9.86577559e-01 0.00000000e+00
-1.01571231e-01 -9.83206577e-01 -1.51618312e-01 1.07669762e+00 9.92914130e-01 -1.09641306e-01 4.58291776e-02 -3.32898325e-01 -6.16831785e-02 -1.45889038e-01 9.87376106e-01 0.00000000e+00
-1.09306330e-01 -9.82859164e-01 -1.48458717e-01 1.07669762e+00 9.92197630e-01 -1.16893688e-01 4.33558287e-02 -3.32898325e-01 -5.99665604e-02 -1.42561320e-01 9.87967753e-01 0.00000000e+00
-1.18342388e-01 -9.82330276e-01 -1.44990717e-01 1.07669762e+00 9.91288997e-01 -1.25375439e-01 4.03376318e-02 -3.32898325e-01 -5.78031518e-02 -1.38954050e-01 9.88610423e-01 0.00000000e+00
-1.24367456e-01 -9.81852349e-01 -1.43173672e-01 1.07669762e+00 9.90623881e-01 -1.31088546e-01 3.84723299e-02 -3.32898325e-01 -5.65425759e-02 -1.37046553e-01 9.88949533e-01 0.00000000e+00
-1.32928888e-01 -9.80983002e-01 -1.41429347e-01 1.07669762e+00 9.89578418e-01 -1.39333216e-01 3.63429349e-02 -3.32898325e-01 -5.53576071e-02 -1.35124404e-01 9.89281017e-01 0.00000000e+00
-1.39806822e-01 -9.80112453e-01 -1.40831927e-01 1.07669762e+00 9.88661482e-01 -1.46044233e-01 3.49221302e-02 -3.32898325e-01 -5.47953055e-02 -1.34352750e-01 9.89417411e-01 0.00000000e+00
-1.44785440e-01 -9.79334334e-01 -1.41214161e-01 1.07669762e+00 9.87962943e-01 -1.50941928e-01 3.38490327e-02 -3.32898325e-01 -5.44646577e-02 -1.34613511e-01 9.89400224e-01 0.00000000e+00
-1.51150088e-01 -9.78058394e-01 -1.43371645e-01 1.16642242e+00 9.87023465e-01 -1.57280179e-01 3.23670405e-02 -3.32898313e-01 -5.42063736e-02 -1.36618897e-01 9.89139498e-01 0.00000000e+00
-1.57912710e-01 -9.76359765e-01 -1.47598054e-01 1.16642242e+00 9.85963160e-01 -1.64111095e-01 3.07277491e-02 -3.32898313e-01 -5.42238162e-02 -1.40673942e-01 9.88569987e-01 0.00000000e+00
-1.63367632e-01 -9.74946855e-01 -1.50962403e-01 1.16642242e+00 9.85095837e-01 -1.69551726e-01 2.89552095e-02 -3.32898313e-01 -5.38257264e-02 -1.43982090e-01 9.88115352e-01 0.00000000e+00
-1.69616863e-01 -9.73455802e-01 -1.53668220e-01 1.16642242e+00 9.84109748e-01 -1.75613511e-01 2.62278264e-02 -3.32898313e-01 -5.25178455e-02 -1.46777712e-01 9.87774356e-01 0.00000000e+00
-1.77687110e-01 -9.71560566e-01 -1.56516316e-01 1.16642242e+00 9.82810997e-01 -1.83294690e-01 2.20363401e-02 -3.32898313e-01 -5.00982487e-02 -1.49910383e-01 9.87429513e-01 0.00000000e+00
-1.83914614e-01 -9.70023471e-01 -1.58839168e-01 1.16642240e+00 9.81773654e-01 -1.89158986e-01 1.84219885e-02 -2.21932182e-01 -4.79156172e-02 -1.52556037e-01 9.87132589e-01 0.00000000e+00
-1.89047708e-01 -9.68564740e-01 -1.61688926e-01 1.16642240e+00 9.80910672e-01 -1.93905248e-01 1.46631660e-02 -2.21932182e-01 -4.55545568e-02 -1.55830355e-01 9.86732832e-01 0.00000000e+00
-1.92251032e-01 -9.67420232e-01 -1.64735044e-01 1.25614720e+00 9.80407466e-01 -1.96680752e-01 1.08573860e-02 -2.21932170e-01 -4.29038673e-02 -1.59420124e-01 9.86278096e-01 0.00000000e+00
-1.95076853e-01 -9.66465544e-01 -1.67001117e-01 1.25614720e+00 9.79919799e-01 -1.99220679e-01 8.26492211e-03 -2.21932170e-01 -4.12578383e-02 -1.62035406e-01 9.85922065e-01 0.00000000e+00
-2.01142870e-01 -9.64794137e-01 -1.69451523e-01 1.25614720e+00 9.78723191e-01 -2.05097805e-01 5.98382615e-03 -2.21932170e-01 -4.05272959e-02 -1.64642531e-01 9.85520358e-01 0.00000000e+00
-2.09495095e-01 -9.62703711e-01 -1.71211478e-01 1.25614720e+00 9.76925719e-01 -2.13515884e-01 5.20635492e-03 -2.21932170e-01 -4.15685474e-02 -1.66170191e-01 9.85220546e-01 0.00000000e+00
-2.18917906e-01 -9.60306088e-01 -1.72879057e-01 1.25614720e+00 9.74792626e-01 -2.23063654e-01 4.68433707e-03 -2.21932170e-01 -4.30614314e-02 -1.67495744e-01 9.84931921e-01 0.00000000e+00
-2.31713594e-01 -9.56814320e-01 -1.75542496e-01 1.25614720e+00 9.71778915e-01 -2.35875287e-01 2.93072916e-03 -2.21932170e-01 -4.42103003e-02 -1.69909407e-01 9.84467492e-01 0.00000000e+00
-2.41909493e-01 -9.53881539e-01 -1.77735214e-01 1.34587200e+00 9.69260676e-01 -2.46033138e-01 1.19902868e-03 -2.21932156e-01 -4.48724837e-02 -1.71981697e-01 9.84077617e-01 0.00000000e+00
-2.53251527e-01 -9.50468221e-01 -1.80204951e-01 1.34587200e+00 9.66330969e-01 -2.57300564e-01 -9.36625552e-04 -2.21932156e-01 -4.54766027e-02 -1.74374827e-01 9.83628638e-01 0.00000000e+00
-2.66843628e-01 -9.46134337e-01 -1.83369282e-01 1.34587200e+00 9.62641017e-01 -2.70753528e-01 -3.84694891e-03 -2.21932156e-01 -4.60081495e-02 -1.77545326e-01 9.83036575e-01 0.00000000e+00
-2.79955421e-01 -9.41613105e-01 -1.87055399e-01 1.34587200e+00 9.58900765e-01 -2.83648116e-01 -7.28492157e-03 -2.21932156e-01 -4.61983337e-02 -1.81407018e-01 9.82322354e-01 0.00000000e+00
-2.91565327e-01 -9.37554277e-01 -1.89688263e-01 1.34587200e+00 9.55421044e-01 -2.95073054e-01 -1.01252698e-02 -2.21932156e-01 -4.64789051e-02 -1.84184336e-01 9.81792158e-01 0.00000000e+00
-3.06453172e-01 -9.32598799e-01 -1.90646093e-01 1.34587200e+00 9.50700797e-01 -3.09860417e-01 -1.24304793e-02 -2.21932156e-01 -4.74810279e-02 -1.85056753e-01 9.81580129e-01 0.00000000e+00
-3.24610951e-01 -9.26810179e-01 -1.88813725e-01 1.43559680e+00 9.44552466e-01 -3.28084937e-01 -1.34503732e-02 -2.21932142e-01 -4.94809963e-02 -1.82710608e-01 9.81920804e-01 0.00000000e+00
-3.36967702e-01 -9.22801051e-01 -1.86791296e-01 1.43559680e+00 9.40151408e-01 -3.40469232e-01 -1.40011567e-02 -2.21932142e-01 -5.06764068e-02 -1.80330037e-01 9.82299842e-01 0.00000000e+00
-3.50218618e-01 -9.18450351e-01 -1.83836535e-01 1.43559680e+00 9.35262408e-01 -3.53639885e-01 -1.49351814e-02 -2.21932142e-01 -5.12947083e-02 -1.77165979e-01 9.82843359e-01 0.00000000e+00
-3.59988554e-01 -9.15248092e-01 -1.80912051e-01 1.43559680e+00 9.31540693e-01 -3.63299282e-01 -1.56706653e-02 -2.21932142e-01 -5.13826718e-02 -1.74168198e-01 9.83374425e-01 0.00000000e+00
-3.71036489e-01 -9.11388307e-01 -1.78054144e-01 1.43559680e+00 9.27199313e-01 -3.74191447e-01 -1.67986464e-02 -2.21932142e-01 -5.13162478e-02 -1.71324590e-01 9.83877293e-01 0.00000000e+00
-3.83858419e-01 -9.06480945e-01 -1.75911940e-01 1.43559680e+00 9.21973250e-01 -3.86805756e-01 -1.86181042e-02 -2.21932142e-01 -5.11667942e-02 -1.69332819e-01 9.84229829e-01 0.00000000e+00
-3.96635119e-01 -9.01245253e-01 -1.74463679e-01 1.43559680e+00 9.16564851e-01 -3.99342547e-01 -2.08423592e-02 -2.21932142e-01 -5.08866927e-02 -1.68174088e-01 9.84443000e-01 0.00000000e+00
-4.06024000e-01 -8.97077878e-01 -1.74343889e-01 1.52532160e+00 9.12447430e-01 -4.08561865e-01 -2.27352070e-02 -2.21932126e-01 -5.08350133e-02 -1.68310674e-01 9.84422327e-01 0.00000000e+00
-4.17329761e-01 -8.91563082e-01 -1.75929365e-01 1.52532160e+00 9.07315790e-01 -4.19677729e-01 -2.54688169e-02 -2.21932126e-01 -5.11265795e-02 -1.70252386e-01 9.84073269e-01 0.00000000e+00
-4.34195594e-01 -8.82501332e-01 -1.80736229e-01 1.52532160e+00 8.99311042e-01 -4.36257547e-01 -3.03150408e-02 -2.21932126e-01 -5.20944800e-02 -1.75700744e-01 9.83064298e-01 0.00000000e+00
-4.41701597e-01 -8.78296975e-01 -1.83013997e-01 1.52532160e+00 8.95612455e-01 -4.43651122e-01 -3.24347450e-02 -2.21932126e-01 -5.27070269e-02 -1.78236094e-01 9.82575119e-01 0.00000000e+00
-4.52051496e-01 -8.72378869e-01 -1.86022993e-01 1.52532162e+00 8.90374413e-01 -4.53863430e-01 -3.52333818e-02 -3.32898258e-01 -5.36921759e-02 -1.81557416e-01 9.81913466e-01 0.00000000e+00
-4.62919943e-01 -8.65914762e-01 -1.89464379e-01 1.52532162e+00 8.84692975e-01 -4.64609903e-01 -3.81572968e-02 -3.32898258e-01 -5.49860599e-02 -1.85281578e-01 9.81145896e-01 0.00000000e+00
-4.72207967e-01 -8.60371134e-01 -1.91784118e-01 1.52532162e+00 8.79677509e-01 -4.73884135e-01 -4.00163358e-02 -3.32898258e-01 -5.64545507e-02 -1.87604208e-01 9.80621000e-01 0.00000000e+00
-4.83418632e-01 -8.53827101e-01 -1.93095075e-01 1.61504642e+00 8.73407072e-01 -4.85279534e-01 -4.07904442e-02 -3.32898241e-01 -5.88771016e-02 -1.88369465e-01 9.80331797e-01 0.00000000e+00
-4.98943414e-01 -8.44784311e-01 -1.93377704e-01 1.61504642e+00 8.64347238e-01 -5.01281112e-01 -4.02628767e-02 -3.32898241e-01 -6.29231441e-02 -1.87234382e-01 9.80297896e-01 0.00000000e+00
-5.04701941e-01 -8.41359805e-01 -1.93363982e-01 1.61504642e+00 8.60898090e-01 -5.07188584e-01 -4.01773316e-02 -3.32898241e-01 -6.42684123e-02 -1.86744260e-01 9.80304112e-01 0.00000000e+00
-5.11756066e-01 -8.37119010e-01 -1.93229115e-01 1.61504642e+00 8.56621152e-01 -5.14366341e-01 -4.03418955e-02 -3.32898241e-01 -6.56195854e-02 -1.86169357e-01 9.80323947e-01 0.00000000e+00
-5.22449237e-01 -8.30668814e-01 -1.92447698e-01 1.70477122e+00 8.50013876e-01 -5.25184895e-01 -4.07091752e-02 -3.32898224e-01 -6.72547817e-02 -1.84851691e-01 9.80462466e-01 0.00000000e+00
-5.29822039e-01 -8.26025778e-01 -1.92275897e-01 1.70477122e+00 8.45370027e-01 -5.32565207e-01 -4.15188940e-02 -3.32898224e-01 -6.81037763e-02 -1.84541906e-01 9.80462218e-01 0.00000000e+00
-5.37567600e-01 -8.20822952e-01 -1.93056355e-01 1.70477122e+00 8.40405396e-01 -5.40234781e-01 -4.31874078e-02 -3.32898224e-01 -6.88465420e-02 -1.85461753e-01 9.80236753e-01 0.00000000e+00
-5.46878663e-01 -8.14153583e-01 -1.95135007e-01 1.70477122e+00 8.34318695e-01 -5.49339026e-01 -4.62487779e-02 -3.32898224e-01 -6.95416664e-02 -1.88097254e-01 9.79685347e-01 0.00000000e+00
-5.56463743e-01 -8.07084103e-01 -1.97391371e-01 1.70477122e+00 8.27920310e-01 -5.58619122e-01 -4.99263044e-02 -3.32898224e-01 -6.99718679e-02 -1.91206504e-01 9.79052609e-01 0.00000000e+00
-5.66148893e-01 -7.99927657e-01 -1.98975310e-01 1.70477122e+00 8.21332743e-01 -5.67901040e-01 -5.38603248e-02 -3.32898224e-01 -6.99139220e-02 -1.93917900e-01 9.78523322e-01 0.00000000e+00
-5.79245311e-01 -7.90115839e-01 -2.00479003e-01 1.79449603e+00 8.12207789e-01 -5.80313704e-01 -5.96197294e-02 -3.32898206e-01 -6.92342205e-02 -1.97365057e-01 9.77882231e-01 0.00000000e+00
-5.83969272e-01 -7.86596959e-01 -2.00611850e-01 1.79449603e+00 8.08832900e-01 -5.84828646e-01 -6.13579201e-02 -3.32898206e-01 -6.90596032e-02 -1.98092604e-01 9.77747458e-01 0.00000000e+00
-5.90994661e-01 -7.81429514e-01 -2.00232928e-01 1.79449603e+00 8.03708744e-01 -5.91661938e-01 -6.31538274e-02 -3.32898206e-01 -6.91199378e-02 -1.98252530e-01 9.77710780e-01 0.00000000e+00
-5.97970560e-01 -7.76400635e-01 -1.99081046e-01 1.79449603e+00 7.98510867e-01 -5.98554091e-01 -6.41357603e-02 -3.32898206e-01 -6.93657292e-02 -1.97319675e-01 9.77882069e-01 0.00000000e+00
-6.03738348e-01 -7.72408557e-01 -1.97192873e-01 1.79449603e+00 7.94164878e-01 -6.04264372e-01 -6.45501003e-02 -3.32898206e-01 -6.92975778e-02 -1.95575025e-01 9.78237321e-01 0.00000000e+00
-6.09905809e-01 -7.68450323e-01 -1.93646599e-01 1.79449603e+00 7.89507764e-01 -6.10325203e-01 -6.46578468e-02 -3.32898206e-01 -6.85010563e-02 -1.92320690e-01 9.78938383e-01 0.00000000e+00
-6.16648192e-01 -7.64451547e-01 -1.88039464e-01 1.79449603e+00 7.84385329e-01 -6.16947235e-01 -6.41542309e-02 -3.32898206e-01 -6.69676261e-02 -1.87055987e-01 9.80063975e-01 0.00000000e+00
-6.20630316e-01 -7.62064311e-01 -1.84596850e-01 1.79449603e+00 7.81317889e-01 -6.20869538e-01 -6.37445956e-02 -3.32898206e-01 -6.60330795e-02 -1.83790649e-01 9.80744936e-01 0.00000000e+00
-6.26487781e-01 -7.58311984e-01 -1.80210974e-01 1.88422082e+00 7.76721486e-01 -6.26656300e-01 -6.32899245e-02 -3.32898187e-01 -6.49368337e-02 -1.79624100e-01 9.81589726e-01 0.00000000e+00
-6.30291877e-01 -7.55793337e-01 -1.77506569e-01 1.88422082e+00 7.73690426e-01 -6.30425925e-01 -6.29783858e-02 -3.32898187e-01 -6.43060988e-02 -1.77029898e-01 9.82102409e-01 0.00000000e+00
-6.33588040e-01 -7.53495941e-01 -1.75527954e-01 1.88422082e+00 7.71010542e-01 -6.33742089e-01 -6.25596474e-02 -3.32898187e-01 -6.41010120e-02 -1.74970948e-01 9.82484721e-01 0.00000000e+00
-6.36836733e-01 -7.51006792e-01 -1.74435587e-01 1.88422082e+00 7.68268157e-01 -6.37151013e-01 -6.16654288e-02 -3.32898187e-01 -6.48306552e-02 -1.73284117e-01 9.82735774e-01 0.00000000e+00
-6.39788102e-01 -7.48494962e-01 -1.74431868e-01 1.88422082e+00 7.65662671e-01 -6.40409527e-01 -6.03018376e-02 -3.32898187e-01 -6.65722085e-02 -1.72136368e-01 9.82821048e-01 0.00000000e+00
-6.41754068e-01 -7.46724326e-01 -1.74798447e-01 1.88422080e+00 7.63908023e-01 -6.42564671e-01 -5.96253026e-02 -2.21932056e-01 -6.77956425e-02 -1.71794716e-01 9.82797195e-01 0.00000000e+00
-6.43056879e-01 -7.45534191e-01 -1.75090322e-01 1.88422080e+00 7.62801727e-01 -6.43831581e-01 -6.01200609e-02 -2.21932056e-01 -6.79071179e-02 -1.72219819e-01 9.82715095e-01 0.00000000e+00
-6.43243990e-01 -7.45284526e-01 -1.75465509e-01 1.88422080e+00 7.62712684e-01 -6.43806714e-01 -6.15002230e-02 -2.21932056e-01 -6.71307082e-02 -1.73389418e-01 9.82562760e-01 0.00000000e+00
-6.43487779e-01 -7.44933504e-01 -1.76061218e-01 1.97394560e+00 7.62587228e-01 -6.43783818e-01 -6.32701857e-02 -2.21932036e-01 -6.62132817e-02 -1.74975627e-01 9.82343795e-01 0.00000000e+00
-6.44954379e-01 -7.43354722e-01 -1.77362923e-01 1.97394560e+00 7.61430337e-01 -6.44869409e-01 -6.60854558e-02 -2.21932036e-01 -6.52509876e-02 -1.77671614e-01 9.81924186e-01 0.00000000e+00
-6.47595435e-01 -7.40541562e-01 -1.79494701e-01 1.97394560e+00 7.59254409e-01 -6.47038892e-01 -6.98098485e-02 -2.21932036e-01 -6.44429581e-02 -1.81490682e-01 9.81278879e-01 0.00000000e+00
