-9.87770265e-01 -1.49757207e-01 -4.33898925e-02 0.00000000e+00 -1.55117106e-01 9.15745933e-01 3.70605005e-01 0.00000000e+00 1.57666527e-02 -3.72803118e-01 9.27776507e-01 0.00000000e+00
-9.89050940e-01 -1.37883353e-01 -5.25967604e-02 2.74719476e-02 -1.47544664e-01 9.16744852e-01 3.71226948e-01 1.19154989e-02 2.96820663e-03 -3.74922733e-01 9.27051311e-01 -4.38258280e-03
-9.89473679e-01 -1.35455752e-01 -5.09271778e-02 6.93153109e-03 -1.44661983e-01 9.16512079e-01 3.72932326e-01 9.48388868e-03 3.84045510e-03 -3.76373947e-01 9.26459877e-01 -2.56087994e-02
-9.90300796e-01 -1.30861518e-01 -4.66861594e-02 -2.30504011e-02 -1.38793141e-01 9.16287268e-01 3.75704812e-01 8.24997576e-03 6.38736851e-03 -3.78540493e-01 9.25562692e-01 -2.74592476e-02
-9.90444744e-01 -1.31279278e-01 -4.22488020e-02 -5.17735580e-02 -1.37457941e-01 9.14943052e-01 3.79452929e-01 -6.84167877e-04 1.11590585e-02 -3.81634591e-01 9.24245916e-01 -2.89398913e-02
-9.90259680e-01 -1.33494113e-01 -3.95612027e-02 -4.25264725e-02 -1.38459147e-01 9.14257985e-01 3.80737969e-01 -1.28202859e-02 1.46571318e-02 -3.82507070e-01 9.23836300e-01 -5.45987761e-02
-9.89923734e-01 -1.35998468e-01 -3.94387942e-02 -2.14593206e-02 -1.40762141e-01 9.14835127e-01 3.78500607e-01 8.07952207e-03 1.53955085e-02 -3.80238223e-01 9.24760440e-01 -5.83730263e-02
-9.89977234e-01 -1.37477380e-01 -3.23271824e-02 -2.27184028e-02 -1.39030529e-01 9.08490380e-01 3.94101182e-01 -1.43739230e-02 2.48110635e-02 -3.94645662e-01 9.18498346e-01 -3.92138726e-02
-9.90310581e-01 -1.35323489e-01 -3.11850364e-02 -1.22926374e-02 -1.36647094e-01 9.09547605e-01 3.92492964e-01 -2.80214120e-02 2.47492419e-02 -3.92951279e-01 9.19226178e-01 -6.37859301e-02
-9.90078087e-01 -1.37057737e-01 -3.09928600e-02 -1.72673526e-02 -1.38084083e-01 9.08091382e-01 3.95351524e-01 -1.84871578e-02 2.60416359e-02 -3.95708501e-01 9.18006871e-01 -3.60683718e-02
-9.90418882e-01 -1.33982415e-01 -3.34537309e-02 -2.99779151e-03 -1.36193452e-01 9.07610252e-01 3.97108266e-01 -1.31048915e-02 2.28425751e-02 -3.97859703e-01 9.17161858e-01 -6.16272789e-02
-9.90323712e-01 -1.35874684e-01 -2.82314483e-02 -7.94696775e-03 -1.35729321e-01 9.05927641e-01 4.01089341e-01 -2.17215647e-02 2.89222379e-02 -4.01040120e-01 9.15603804e-01 -9.00806738e-02
-9.89929202e-01 -1.36503730e-01 -3.75087677e-02 2.19919379e-02 -1.39932279e-01 9.03445041e-01 4.05223415e-01 -2.18337705e-02 2.14273973e-02 -4.06391179e-01 9.13447906e-01 -8.50245846e-02
-9.89775459e-01 -1.34765815e-01 -4.67195526e-02 4.83478058e-02 -1.42086378e-01 9.02899220e-01 4.05690103e-01 -1.94297715e-02 1.24901096e-02 -4.08180319e-01 9.12815875e-01 -7.13788560e-02
-9.88695921e-01 -1.40267460e-01 -5.29661815e-02 4.23138913e-02 -1.49647707e-01 9.01337442e-01 4.06443573e-01 -2.06672167e-02 9.27040480e-03 -4.09775370e-01 9.12139357e-01 -1.00742331e-01
-9.88954378e-01 -1.40065428e-01 -4.84862325e-02 2.26488739e-02 -1.47449598e-01 8.96370478e-01 4.18065284e-01 -4.24564189e-02 1.50948654e-02 -4.20596768e-01 9.07122099e-01 -9.38170496e-02
-9.88736015e-01 -1.40252856e-01 -5.22515960e-02 5.16436563e-02 -1.49110765e-01 8.92914385e-01 4.24817468e-01 -4.56641983e-02 1.29256611e-02 -4.27823606e-01 9.03769821e-01 -8.75647980e-02
-9.89440954e-01 -1.31334799e-01 -6.13006362e-02 6.40580993e-02 -1.44919950e-01 8.90086069e-01 4.32140022e-01 -5.49952893e-02 2.19218052e-03 -4.36460720e-01 8.99720642e-01 -6.21950554e-02
-9.89814941e-01 -1.20876839e-01 -7.52008761e-02 9.30905119e-02 -1.41616495e-01 8.89973842e-01 4.33464334e-01 -5.78140175e-02 -1.45310144e-02 -4.39699159e-01 8.98027560e-01 -5.72245603e-02
-9.90870314e-01 -1.10666872e-01 -7.69991253e-02 6.42182788e-02 -1.33209325e-01 8.91634394e-01 4.32716286e-01 -5.66026871e-02 -2.07677105e-02 -4.39022723e-01 8.98235910e-01 -4.83130558e-02
-9.90901357e-01 -1.05829436e-01 -8.31542657e-02 6.34548177e-02 -1.31557590e-01 8.92012549e-01 4.32442149e-01 -6.75027936e-02 -2.84095398e-02 -4.39447087e-01 8.97819110e-01 -7.59456974e-02
-9.90611402e-01 -1.05895586e-01 -8.64590941e-02 5.41534714e-02 -1.32875556e-01 8.94525683e-01 4.26811305e-01 -4.41435135e-02 -3.21424472e-02 -4.34292445e-01 9.00198275e-01 -9.20065693e-02
-9.90211789e-01 -1.07285554e-01 -8.92772278e-02 6.45720798e-02 -1.35541139e-01 8.91790954e-01 4.31668268e-01 -6.10616321e-02 -3.33048549e-02 -4.39543744e-01 8.97603522e-01 -1.14185502e-01
-9.90396729e-01 -1.05981863e-01 -8.87815559e-02 5.12400950e-02 -1.34307015e-01 8.89887368e-01 4.35961121e-01 -5.72300735e-02 -3.28016132e-02 -4.43698454e-01 8.95575645e-01 -8.85942273e-02
-9.89807375e-01 -1.04822166e-01 -9.64037059e-02 5.80771099e-02 -1.36771077e-01 8.88325822e-01 4.38373023e-01 -6.84888162e-02 -3.96866914e-02 -4.47090090e-01 8.93608089e-01 -1.15253422e-01
-9.89218730e-01 -1.07033308e-01 -9.99508678e-02 8.56798040e-02 -1.40556990e-01 8.85517114e-01 4.42835381e-01 -7.39466433e-02 -4.11100685e-02 -4.52109845e-01 8.91014393e-01 -1.26177906e-01
-9.89726939e-01 -1.03119051e-01 -9.90305402e-02 6.84019385e-02 -1.36953947e-01 8.82636000e-01 4.49663551e-01 -8.51859966e-02 -4.10390415e-02 -4.58606752e-01 8.87691187e-01 -1.05043362e-01
-9.89729554e-01 -9.89779796e-02 -1.03144409e-01 6.23499415e-02 -1.35229454e-01 8.82199363e-01 4.51040219e-01 -9.14260612e-02 -4.63508821e-02 -4.60355997e-01 8.86523520e-01 -1.33833472e-01
-9.89674299e-01 -9.55095937e-02 -1.06877029e-01 5.79124251e-02 -1.33897082e-01 8.82131461e-01 4.51570213e-01 -8.69612592e-02 -5.11503019e-02 -4.61217956e-01 8.85811291e-01 -1.04407242e-01
-9.89017224e-01 -9.20701174e-02 -1.15620176e-01 5.32567418e-02 -1.34910075e-01 8.81872204e-01 4.51775041e-01 -7.95391766e-02 -6.03672384e-02 -4.62411623e-01 8.84607985e-01 -7.54355644e-02
-9.88105206e-01 -9.04312245e-02 -1.24379642e-01 2.60642829e-02 -1.37414425e-01 8.82306901e-01 4.50168646e-01 -7.43552389e-02 -6.90317150e-02 -4.61905539e-01 8.84238596e-01 -8.61626588e-02
-9.86688637e-01 -8.73428361e-02 -1.37174203e-01 2.87755734e-02 -1.40686068e-01 8.81550055e-01 4.50640580e-01 -6.37065229e-02 -8.15656996e-02 -4.63940438e-01 8.82103342e-01 -5.90660523e-02
-9.85074836e-01 -8.11503222e-02 -1.51796552e-01 4.99037400e-02 -1.42358202e-01 8.79829526e-01 4.53469014e-01 -8.34689550e-02 -9.67559316e-02 -4.68310398e-01 8.78250341e-01 -5.13131811e-02
-9.83637251e-01 -7.70975498e-02 -1.62830361e-01 6.58236885e-02 -1.43696620e-01 8.80900595e-01 4.50960556e-01 -8.08086185e-02 -1.08669408e-01 -4.66979774e-01 8.77565297e-01 -2.53520794e-02
-9.81850614e-01 -8.28058584e-02 -1.70624037e-01 4.71031507e-02 -1.52081337e-01 8.81282900e-01 4.47450240e-01 -9.73520911e-02 -1.13316545e-01 -4.65278024e-01 8.77881381e-01 -8.64936549e-03
-9.77620920e-01 -8.62284118e-02 -1.91890584e-01 7.67570495e-02 -1.64375813e-01 8.82353461e-01 4.40945531e-01 -1.01254754e-01 -1.31293289e-01 -4.62619746e-01 8.76781068e-01 -9.11387800e-03
-9.74378438e-01 -9.16747761e-02 -2.05383530e-01 8.15076008e-02 -1.74771517e-01 8.83383485e-01 4.34843115e-01 -1.17078799e-01 -1.41568273e-01 -4.59596946e-01 8.76771960e-01 -3.43590332e-02
-9.71625469e-01 -9.18249762e-02 -2.17972754e-01 8.85718517e-02 -1.80329306e-01 8.83926188e-01 4.31457802e-01 -1.04103447e-01 -1.53053223e-01 -4.58522263e-01 8.75403932e-01 -8.24917979e-03
-9.69633134e-01 -8.45000464e-02 -2.29502347e-01 1.11724481e-01 -1.79111496e-01 8.84331416e-01 4.31134571e-01 -1.14641741e-01 -1.66525244e-01 -4.59148873e-01 8.72611972e-01 -2.36431847e-02
-9.66895121e-01 -7.84801698e-02 -2.42805863e-01 1.37131711e-01 -1.79311964e-01 8.85962407e-01 4.27688944e-01 -1.04412521e-01 -1.81551766e-01 -4.57068349e-01 8.70705162e-01 -1.00957297e-02
-9.63342620e-01 -7.32656350e-02 -2.58075850e-01 1.40025034e-01 -1.81729659e-01 8.85865507e-01 4.26868405e-01 -9.95184325e-02 -1.97345708e-01 -4.58120563e-01 8.66706536e-01 1.95411358e-02
-9.60269321e-01 -6.91856800e-02 -2.70363037e-01 1.11522882e-01 -1.84133548e-01 8.85056360e-01 4.27516172e-01 -9.81860079e-02 -2.09708529e-01 -4.60313569e-01 8.62631874e-01 9.26026671e-03
-9.57199883e-01 -6.46030809e-02 -2.82125550e-01 1.07779697e-01 -1.85365023e-01 8.85457575e-01 4.26151019e-01 -8.32437849e-02 -2.22279536e-01 -4.60207914e-01 8.59535038e-01 3.55861492e-02
-9.52689893e-01 -6.50089527e-02 -2.96910432e-01 1.23403966e-01 -1.91989096e-01 8.86016543e-01 4.22036578e-01 -7.81841463e-02 -2.35631399e-01 -4.59073547e-01 8.56580014e-01 1.02413872e-02
-9.47223913e-01 -6.85289330e-02 -3.13162330e-01 1.46163601e-01 -2.01934443e-01 8.86259500e-01 4.16853185e-01 -6.97298463e-02 -2.48976586e-01 -4.58091565e-01 8.53324543e-01 2.77604190e-02
-9.42116733e-01 -6.82332005e-02 -3.28268628e-01 1.75554198e-01 -2.08591042e-01 8.85809801e-01 4.14524756e-01 -6.69161501e-02 -2.62499218e-01 -4.59004604e-01 8.48769070e-01 2.42122362e-02
-9.39818141e-01 -6.77334502e-02 -3.34894075e-01 1.46996039e-01 -2.11647402e-01 8.84870628e-01 4.14981145e-01 -7.42505153e-02 -2.68229826e-01 -4.60886268e-01 8.45953076e-01 1.88250561e-02
-9.34242303e-01 -6.34687599e-02 -3.50945918e-01 1.68698180e-01 -2.15236006e-01 8.84966187e-01 4.12926517e-01 -7.57583277e-02 -2.84367336e-01 -4.61309617e-01 8.40433611e-01 -1.96706834e-03
-9.30381260e-01 -5.97435093e-02 -3.61692445e-01 1.41019767e-01 -2.17020775e-01 8.84928625e-01 4.12071975e-01 -8.65940631e-02 -2.95453372e-01 -4.61878818e-01 8.36286590e-01 -5.70747889e-03
-9.27344285e-01 -5.96445943e-02 -3.69425363e-01 1.13753944e-01 -2.19476941e-01 8.86279262e-01 4.07846713e-01 -7.71083504e-02 -3.03088185e-01 -4.59294667e-01 8.34976622e-01 -1.25828301e-02
-9.23218401e-01 -5.74400783e-02 -3.79958447e-01 8.39851722e-02 -2.21791778e-01 8.87099397e-01 4.04800032e-01 -7.44551241e-02 -3.13809164e-01 -4.57990498e-01 8.31726224e-01 -1.47236631e-02
-9.17516440e-01 -5.51624361e-02 -3.93853638e-01 1.06174731e-01 -2.25196367e-01 8.88329410e-01 4.00196772e-01 -7.62557021e-02 -3.27795941e-01 -4.55881525e-01 8.27479217e-01 -3.50016852e-02
-9.14224514e-01 -5.77728640e-02 -4.01068366e-01 7.66106598e-02 -2.31491906e-01 8.86828110e-01 3.99934247e-01 -8.13325547e-02 -3.32573354e-01 -4.58473773e-01 8.24133947e-01 -3.47895275e-02
-9.11954744e-01 -5.55669684e-02 -4.06510588e-01 4.77154034e-02 -2.32241956e-01 8.86692046e-01 3.99801061e-01 -7.11475376e-02 -3.38233972e-01 -4.59009288e-01 8.21527999e-01 -3.65140826e-02
-9.09256929e-01 -4.88257776e-02 -4.13361683e-01 1.68072868e-02 -2.29507370e-01 8.87299512e-01 4.00032426e-01 -7.08255481e-02 -3.47243725e-01 -4.58601807e-01 8.17989106e-01 -3.67986264e-02
-9.04519415e-01 -4.49876297e-02 -4.24052759e-01 -1.24758948e-02 -2.30568188e-01 8.88122155e-01 3.97589422e-01 -7.12151413e-02 -3.58724044e-01 -4.57400427e-01 8.13696448e-01 -2.77590272e-02
-8.98099993e-01 -4.45226604e-02 -4.37531868e-01 -3.12645139e-02 -2.36454946e-01 8.87717994e-01 3.95026355e-01 -5.76706943e-02 -3.70817288e-01 -4.58229740e-01 8.07787128e-01 -8.25863943e-03
-8.94275150e-01 -4.24683203e-02 -4.45497923e-01 -6.01161762e-02 -2.40464340e-01 8.85166562e-01 3.98317786e-01 -6.79707283e-02 -3.77423978e-01 -4.63332061e-01 8.01794575e-01 -6.73253632e-03
-8.90280681e-01 -3.36452803e-02 -4.54167704e-01 -8.93093669e-02 -2.37496502e-01 8.85221236e-01 3.99973467e-01 -7.16137997e-02 -3.88581677e-01 -4.63951890e-01 7.96086002e-01 6.25425055e-04
-8.89538796e-01 -2.79593252e-02 -4.56003298e-01 -1.19230414e-01 -2.32772083e-01 8.86591903e-01 3.99714842e-01 -7.63686054e-02 -3.93113074e-01 -4.61706696e-01 7.95166043e-01 -3.48558035e-03
-8.83918181e-01 -3.10789867e-02 -4.66607701e-01 -1.44966646e-01 -2.39234538e-01 8.87390196e-01 3.94088158e-01 -7.30727543e-02 -4.01815239e-01 -4.59970366e-01 7.91815493e-01 1.26595171e-02
-8.78791280e-01 -3.36788586e-02 -4.76016408e-01 -1.73637862e-01 -2.45213015e-01 8.87609650e-01 3.89897021e-01 -7.42328375e-02 -4.09385470e-01 -4.59363521e-01 7.88282115e-01 2.34959889e-02
-8.79231802e-01 -3.12337711e-02 -4.75369215e-01 -1.96919432e-01 -2.45748709e-01 8.84571016e-01 3.96411010e-01 -9.33479861e-02 -4.08116419e-01 -4.65358537e-01 7.85418627e-01 2.71108483e-02
-8.75114481e-01 -3.38024214e-02 -4.82733926e-01 -2.26155724e-01 -2.50914671e-01 8.84679273e-01 3.92917818e-01 -9.69952163e-02 -4.13783125e-01 -4.64973095e-01 7.82677165e-01 3.40575378e-02
-8.69264641e-01 -3.28541705e-02 -4.93254081e-01 -2.55532684e-01 -2.52683792e-01 8.87122808e-01 3.86217589e-01 -1.05174192e-01 -4.24888086e-01 -4.60362605e-01 7.79446204e-01 3.52505787e-02
-8.63510805e-01 -3.58954928e-02 -5.03051293e-01 -2.27350103e-01 -2.57942403e-01 8.88564635e-01 3.79366059e-01 -1.02663977e-01 -4.33376057e-01 -4.57344950e-01 7.76544132e-01 2.26223947e-02
-8.63678766e-01 -3.44828727e-02 -5.02861732e-01 -2.55307004e-01 -2.56571480e-01 8.88810373e-01 3.79719893e-01 -1.14888347e-01 -4.33854891e-01 -4.56975987e-01 7.76493967e-01 2.08302751e-02
-8.60766100e-01 -3.51965798e-02 -5.07782357e-01 -2.84281670e-01 -2.58666734e-01 8.89433694e-01 3.76827844e-01 -1.14415867e-01 -4.38375687e-01 -4.55707037e-01 7.74698556e-01 2.94613216e-02
-8.56237515e-01 -3.37158384e-02 -5.15480902e-01 -3.12707940e-01 -2.59297644e-01 8.91104457e-01 3.72421239e-01 -1.08660166e-01 -4.46790835e-01 -4.52544020e-01 7.71739503e-01 3.88705666e-02
-8.51945464e-01 -3.62654643e-02 -5.22373182e-01 -3.43136821e-01 -2.63082689e-01 8.92192022e-01 3.67125175e-01 -1.08282397e-01 -4.52743221e-01 -4.50197969e-01 7.69639763e-01 3.70749630e-02
-8.48583091e-01 -3.59131693e-02 -5.27841816e-01 -3.73070022e-01 -2.64986306e-01 8.92382470e-01 3.65288633e-01 -1.13933069e-01 -4.57918110e-01 -4.49848609e-01 7.66777172e-01 3.80449734e-02
-8.44582670e-01 -3.24004898e-02 -5.34443937e-01 -4.03447877e-01 -2.63375072e-01 8.94197048e-01 3.62001672e-01 -1.11502441e-01 -4.66169159e-01 -4.46499548e-01 7.63756812e-01 4.13081748e-02
-8.39570623e-01 -2.96859644e-02 -5.42438856e-01 -4.29730217e-01 -2.64275877e-01 8.94709572e-01 3.60073663e-01 -1.01574984e-01 -4.74636102e-01 -4.45660774e-01 7.59017156e-01 5.31253679e-02
-8.33558449e-01 -2.81191705e-02 -5.51715166e-01 -4.59502467e-01 -2.66297225e-01 8.95462844e-01 3.56696065e-01 -9.84683494e-02 -4.84010435e-01 -4.44247236e-01 7.53908676e-01 5.98036893e-02
-8.29376397e-01 -2.99898780e-02 -5.57884755e-01 -4.89562632e-01 -2.69135548e-01 8.96504966e-01 3.51916044e-01 -9.99640901e-02 -4.89592535e-01 -4.42017479e-01 7.51611400e-01 6.34484163e-02
-8.24763228e-01 -3.07989313e-02 -5.64638862e-01 -5.19693858e-01 -2.72779904e-01 8.96326779e-01 3.49556045e-01 -1.02225530e-01 -4.95334979e-01 -4.42323106e-01 7.47658697e-01 6.30003842e-02
-8.18693640e-01 -2.84834913e-02 -5.73523682e-01 -5.46831354e-01 -2.75368542e-01 8.95911941e-01 3.48588525e-01 -9.58978968e-02 -5.03897697e-01 -4.43317588e-01 7.41320866e-01 7.40960905e-02
-8.16776083e-01 -2.59864383e-02 -5.76369270e-01 -5.74758955e-01 -2.76818162e-01 8.94142634e-01 3.51966840e-01 -1.06837852e-01 -5.06209973e-01 -4.47027578e-01 7.37507835e-01 6.97046589e-02
-8.10317497e-01 -2.43860171e-02 -5.85483455e-01 -6.02905022e-01 -2.80771780e-01 8.93135369e-01 3.51392119e-01 -1.13102419e-01 -5.14346927e-01 -4.49126413e-01 7.30570121e-01 7.80643332e-02
-8.03883854e-01 -2.31792420e-02 -5.94334479e-01 -6.28122938e-01 -2.83638807e-01 8.93242843e-01 3.48806896e-01 -1.04743746e-01 -5.22799940e-01 -4.48976553e-01 7.24638032e-01 9.15726518e-02
-7.98273972e-01 -2.02684577e-02 -6.01953366e-01 -6.52733920e-01 -2.84849661e-01 8.93300026e-01 3.47671876e-01 -9.65820425e-02 -5.30678185e-01 -4.49003621e-01 7.18871624e-01 1.06857374e-01
-7.91496994e-01 -1.49109755e-02 -6.10991138e-01 -6.79171501e-01 -2.84562748e-01 8.93722296e-01 3.46820560e-01 -8.78171829e-02 -5.40884970e-01 -4.48372747e-01 7.11621618e-01 1.17669071e-01
-7.83995981e-01 -1.38810986e-02 -6.20610680e-01 -7.01665140e-01 -2.88355797e-01 8.93486701e-01 3.44285420e-01 -7.59921509e-02 -5.49728329e-01 -4.48875073e-01 7.04492678e-01 1.33374035e-01
-7.75734577e-01 -1.23305003e-02 -6.30938843e-01 -7.24074014e-01 -2.92137221e-01 8.93241669e-01 3.41723812e-01 -6.55366140e-02 -5.59367241e-01 -4.49407696e-01 6.96520647e-01 1.50199959e-01
-7.67226638e-01 -9.90613574e-03 -6.41299582e-01 -7.31887710e-01 -2.97747712e-01 8.91108772e-01 3.42449204e-01 -6.32388244e-02 -5.68075334e-01 -4.53681635e-01 6.86631916e-01 1.78992772e-01
-7.59230762e-01 -8.38384180e-03 -6.50767517e-01 -7.60755371e-01 -3.03660769e-01 8.88968564e-01 3.42819239e-01 -6.38220750e-02 -5.75637722e-01 -4.57891476e-01 6.77478124e-01 1.87427681e-01
-7.46723578e-01 -9.45668799e-03 -6.65067267e-01 -7.44307814e-01 -3.10213151e-01 8.89440482e-01 3.35653735e-01 -3.93401356e-02 -5.88363577e-01 -4.56953170e-01 6.67099767e-01 1.93085802e-01
-7.37990562e-01 -8.77611063e-03 -6.74753962e-01 -7.71866443e-01 -3.13360379e-01 8.90024551e-01 3.31151887e-01 -4.12023034e-02 -5.97641366e-01 -4.55828124e-01 6.59579804e-01 2.04272461e-01
-7.28374412e-01 -1.20829193e-02 -6.85072784e-01 -7.86091830e-01 -3.20404571e-01 8.89797798e-01 3.24962749e-01 -2.70574437e-02 -6.05649757e-01 -4.56195002e-01 6.51977371e-01 2.26388714e-01
-7.18180677e-01 -1.49102842e-02 -6.95696916e-01 -7.98878002e-01 -3.26866663e-01 8.89834532e-01 3.18359375e-01 -1.66353133e-02 -6.14308311e-01 -4.56039680e-01 6.43935641e-01 2.51456712e-01
-7.10735760e-01 -1.64011895e-02 -7.03267859e-01 -8.23327692e-01 -3.29097107e-01 8.91332130e-01 3.11804631e-01 -4.15067735e-03 -6.21731271e-01 -4.53054118e-01 6.38899203e-01 2.39697704e-01
-7.00613726e-01 -1.41745793e-02 -7.13399951e-01 -8.36881734e-01 -3.33081705e-01 8.90684585e-01 3.09414845e-01 3.63954706e-03 -6.31028513e-01 -4.54400759e-01 6.28747139e-01 2.65142070e-01
-6.91167912e-01 -7.38281404e-03 -7.22656496e-01 -8.62217792e-01 -3.31084501e-01 8.92075950e-01 3.07544391e-01 -3.46954708e-03 -6.42393937e-01 -4.51825180e-01 6.19018607e-01 2.78379578e-01
-6.80817732e-01 -6.76272183e-03 -7.32421656e-01 -8.75350770e-01 -3.33825029e-01 8.92928067e-01 3.02060123e-01 -1.64763744e-03 -6.51957105e-01 -4.50148567e-01 6.10178827e-01 3.04831526e-01
-6.69323628e-01 -6.21828013e-03 -7.42944960e-01 -8.84605952e-01 -3.37586323e-01 8.93325424e-01 2.96656639e-01 6.70160839e-03 -6.61846927e-01 -4.49367355e-01 6.00023020e-01 3.31110386e-01
-6.60209441e-01 -3.73498419e-03 -7.51072264e-01 -8.96334516e-01 -3.38140320e-01 8.94392483e-01 2.92785262e-01 2.52671540e-02 -6.70659839e-01 -4.47267409e-01 5.91749309e-01 3.50187098e-01
-6.51596318e-01 9.29483464e-04 -7.58565340e-01 -9.00043471e-01 -3.38401223e-01 8.94623009e-01 2.91777803e-01 1.21317113e-02 -6.78901209e-01 -4.46820780e-01 5.82618519e-01 3.76312619e-01
-6.44443646e-01 3.60869480e-03 -7.64643293e-01 -9.08879622e-01 -3.41691815e-01 8.93235189e-01 2.92194457e-01 2.02585437e-02 -6.84060736e-01 -4.49575215e-01 5.74406680e-01 4.03599999e-01
-6.35398295e-01 8.93931951e-03 -7.72132822e-01 -9.19068964e-01 -3.40541328e-01 8.94197932e-01 2.90588476e-01 2.04037560e-02 -6.93037236e-01 -4.47582558e-01 5.65127633e-01 4.31155552e-01
-6.25735237e-01 1.22083688e-02 -7.79939977e-01 -9.26654510e-01 -3.39122893e-01 8.96181651e-01 2.86101579e-01 2.90548758e-02 -7.02460730e-01 -4.43519340e-01 5.56632301e-01 4.58767060e-01
-6.11237337e-01 1.13850842e-02 -7.91365465e-01 -9.16991297e-01 -3.36158056e-01 9.01487857e-01 2.72612187e-01 4.74427138e-02 -7.16510070e-01 -4.32654623e-01 5.47195849e-01 4.80305702e-01
-6.02033787e-01 8.13740196e-03 -7.98429147e-01 -9.07088896e-01 -3.40742067e-01 9.01707512e-01 2.66117280e-01 5.04740342e-02 -7.22115063e-01 -4.32269991e-01 5.40085633e-01 5.07785824e-01
-5.95876927e-01 9.78508336e-03 -8.03016152e-01 -9.04310330e-01 -3.40276487e-01 9.02651220e-01 2.63500833e-01 5.42417081e-02 -7.27421886e-01 -4.30261581e-01 5.34539400e-01 5.36601618e-01
-5.89287814e-01 1.13024174e-02 -8.07844123e-01 -9.08856967e-01 -3.38067570e-01 9.04705905e-01 2.59263461e-01 6.86115948e-02 -7.33791652e-01 -4.25886698e-01 5.29311184e-01 5.62357042e-01
-5.92095300e-01 6.03055993e-03 -8.05845388e-01 -9.26386345e-01 -3.33511697e-01 9.08484048e-01 2.51846544e-01 8.23586497e-02 -7.33616456e-01 -4.17876017e-01 5.35897872e-01 5.42422844e-01
-5.91436035e-01 1.00413908e-02 -8.06289394e-01 -9.23529703e-01 -3.29747579e-01 9.09479755e-01 2.53205665e-01 6.44539891e-02 -7.35846417e-01 -4.15626930e-01 5.34587976e-01 5.65916688e-01
-5.89076597e-01 1.17955486e-02 -8.07991106e-01 -9.18252223e-01 -3.30138334e-01 9.09126569e-01 2.53963703e-01 6.84680077e-02 -7.37561823e-01 -4.16352911e-01 5.31651023e-01 5.94892667e-01
-5.87352987e-01 1.56040291e-02 -8.09180439e-01 -9.23353536e-01 -3.25376076e-01 9.10903171e-01 2.53743614e-01 7.76636020e-02 -7.41044451e-01 -4.12325025e-01 5.29944520e-01 6.22793581e-01
-5.91449634e-01 1.33255627e-02 -8.06231828e-01 -9.17406051e-01 -3.22143933e-01 9.12697480e-01 2.51409224e-01 6.95588698e-02 -7.39195927e-01 -4.08418584e-01 5.35521840e-01 5.94584085e-01
-5.92871990e-01 1.10465569e-02 -8.05220949e-01 -9.17415419e-01 -3.23622972e-01 9.12343207e-01 2.50794825e-01 7.98330423e-02 -7.37408282e-01 -4.09277223e-01 5.37327812e-01 6.22658916e-01
-5.94049086e-01 1.37488724e-02 -8.04311291e-01 -9.11289247e-01 -3.22837715e-01 9.11727024e-01 2.54026855e-01 8.33732267e-02 -7.36804922e-01 -4.10566440e-01 5.37171951e-01 6.51584822e-01
-5.98926990e-01 1.68837415e-02 -8.00625630e-01 -9.08748038e-01 -3.21135036e-01 9.10803623e-01 2.59439875e-01 8.58412339e-02 -7.33593040e-01 -4.12494484e-01 5.40082911e-01 6.81370016e-01
-6.07826786e-01 1.45641444e-02 -7.93936071e-01 -9.22070486e-01 -3.17910330e-01 9.11742401e-01 2.60113087e-01 1.06279815e-01 -7.27653503e-01 -4.10504179e-01 5.49551360e-01 6.98788646e-01
-6.14047537e-01 1.32929953e-02 -7.89157094e-01 -9.20126845e-01 -3.17431378e-01 9.11269661e-01 2.62345051e-01 1.07758216e-01 -7.22622268e-01 -4.11595556e-01 5.55343276e-01 7.28988436e-01
-6.21758534e-01 1.14062341e-02 -7.83125930e-01 -9.14495171e-01 -3.16807582e-01 9.10778541e-01 2.64793136e-01 1.09411749e-01 -7.16274584e-01 -4.12737625e-01 5.62670749e-01 7.58799801e-01
-6.30153459e-01 8.36273728e-03 -7.76425582e-01 -9.01294652e-01 -3.17962694e-01 9.09479167e-01 2.67856999e-01 1.06938823e-01 -7.08382908e-01 -4.15665383e-01 5.70452403e-01 7.85807525e-01
-6.38750021e-01 6.67460600e-03 -7.69385380e-01 -9.05856217e-01 -3.16876066e-01 9.08939558e-01 2.70958368e-01 1.15025167e-01 -7.01133347e-01 -4.16874475e-01 5.78470138e-01 8.14203634e-01
-6.43487813e-01 3.12740200e-03 -7.65449969e-01 -9.02486387e-01 -3.18002852e-01 9.08519770e-01 2.71046148e-01 1.24764915e-01 -6.96274100e-01 -4.17830165e-01 5.83626876e-01 8.42781179e-01
-6.51267455e-01 -1.95928077e-04 -7.58848248e-01 -9.06701503e-01 -3.17444598e-01 9.08368095e-01 2.72206414e-01 1.35483385e-01 -6.89260204e-01 -4.18171456e-01 5.91652773e-01 8.71588567e-01
-6.59765202e-01 -2.01367591e-03 -7.51469110e-01 -9.10876942e-01 -3.15348558e-01 9.08428693e-01 2.74431405e-01 1.40904856e-01 -6.82103486e-01 -4.18034990e-01 5.99984651e-01 9.01813663e-01
-6.70356897e-01 -4.18879216e-03 -7.42027011e-01 -9.20281482e-01 -3.12145645e-01 9.08796007e-01 2.76866239e-01 1.40744288e-01 -6.73191449e-01 -4.17219693e-01 6.10525184e-01 9.30469355e-01
-6.80410428e-01 -7.13775157e-03 -7.32796495e-01 -9.29974446e-01 -3.09442298e-01 9.09232051e-01 2.78464615e-01 1.49684156e-01 -6.64294448e-01 -4.16228458e-01 6.20859691e-01 9.57401572e-01
-6.97765693e-01 -1.46074304e-02 -7.16177115e-01 -9.41682526e-01 -3.04606130e-01 9.10945918e-01 2.78195328e-01 1.58707196e-01 -6.48334901e-01 -4.12267095e-01 6.40076322e-01 9.83940601e-01
-7.08276137e-01 -1.47412460e-02 -7.05781560e-01 -9.55958453e-01 -2.98907645e-01 9.11998111e-01 2.80915760e-01 1.59940414e-01 -6.39530401e-01 -4.09929432e-01 6.50352771e-01 1.01039805e+00
-7.18282044e-01 -1.22425909e-02 -6.95644322e-01 -9.68745927e-01 -2.90932765e-01 9.13519760e-01 2.84323362e-01 1.72446666e-01 -6.32003980e-01 -4.06610091e-01 6.59726611e-01 1.03454222e+00
-7.27747000e-01 -1.10355367e-02 -6.85756896e-01 -9.89035767e-01 -2.84585698e-01 9.14589254e-01 2.87293363e-01 1.77195793e-01 -6.24015451e-01 -4.04233488e-01 6.68730142e-01 1.05590104e+00
-7.35895005e-01 -1.52231038e-02 -6.76924515e-01 -1.00429722e+00 -2.83645426e-01 9.14726982e-01 2.87784331e-01 1.81831316e-01 -6.14820147e-01 -4.03785594e-01 6.77460981e-01 1.08152504e+00
-7.43753361e-01 -1.80030213e-02 -6.68211665e-01 -1.02103853e+00 -2.82474693e-01 9.14462008e-01 2.89771090e-01 1.88099468e-01 -6.05837425e-01 -4.04271106e-01 6.85219590e-01 1.10562343e+00
-7.50844306e-01 -1.98751042e-02 -6.60180133e-01 -1.03491027e+00 -2.80026838e-01 9.14843088e-01 2.90941738e-01 1.93268744e-01 -5.98178734e-01 -4.03320102e-01 6.92470286e-01 1.13168560e+00
-7.57441569e-01 -2.09004171e-02 -6.52568343e-01 -1.04946200e+00 -2.78810006e-01 9.14127584e-01 2.94339501e-01 1.98601050e-01 -5.90378904e-01 -4.04887556e-01 6.98225477e-01 1.15738125e+00
-7.65053933e-01 -2.61221603e-02 -6.43436176e-01 -1.06344423e+00 -2.79474354e-01 9.13644996e-01 2.95206548e-01 2.01937625e-01 -5.80160809e-01 -4.05672840e-01 7.06288172e-01 1.18462677e+00
-7.72367843e-01 -3.28112841e-02 -6.34327466e-01 -1.07482461e+00 -2.81655526e-01 9.12804652e-01 2.95732706e-01 2.16172475e-01 -5.69313693e-01 -4.07076268e-01 7.14262439e-01 1.20932571e+00
-7.80442543e-01 -3.80340059e-02 -6.24069588e-01 -1.09562622e+00 -2.81328037e-01 9.12756641e-01 2.96192253e-01 2.23372731e-01 -5.58358283e-01 -4.06729307e-01 7.23054146e-01 1.23059391e+00
-7.86032246e-01 -4.40485115e-02 -6.16614171e-01 -1.10669931e+00 -2.83253191e-01 9.12252399e-01 2.95910782e-01 2.25042579e-01 -5.49473327e-01 -4.07253347e-01 7.29536684e-01 1.25853380e+00
-7.91473627e-01 -4.89587243e-02 -6.09239313e-01 -1.11719435e+00 -2.84301153e-01 9.11877315e-01 2.96061845e-01 2.27355853e-01 -5.41056699e-01 -4.07532581e-01 7.35645868e-01 1.28675390e+00
-7.97319700e-01 -5.27162437e-02 -6.01250608e-01 -1.13010528e+00 -2.82660169e-01 9.12794329e-01 2.94804580e-01 2.34866138e-01 -5.33277155e-01 -4.05003097e-01 7.42689683e-01 1.31325398e+00
-8.03295916e-01 -5.66696380e-02 -5.92877916e-01 -1.14251889e+00 -2.81400053e-01 9.13455867e-01 2.93959843e-01 2.37185667e-01 -5.24909213e-01 -4.02972618e-01 7.49722206e-01 1.34123669e+00
-8.10077446e-01 -5.67128780e-02 -5.83573629e-01 -1.15466979e+00 -2.76438738e-01 9.14685460e-01 2.94842558e-01 2.09521271e-01 -5.17064943e-01 -4.00167663e-01 7.56643698e-01 1.34623741e+00
-8.17572303e-01 -5.76367902e-02 -5.72934142e-01 -1.16649741e+00 -2.73056738e-01 9.14801384e-01 2.97621310e-01 2.19035545e-01 -5.06967009e-01 -3.99770467e-01 7.63654388e-01 1.37266212e+00
-8.23132467e-01 -5.89042904e-02 -5.64786002e-01 -1.17951462e+00 -2.70611584e-01 9.15092640e-01 2.98956236e-01 2.22010305e-01 -4.99221708e-01 -3.98918218e-01 7.69182644e-01 1.39976574e+00
-8.29726437e-01 -6.34313461e-02 -5.54554329e-01 -1.17400963e+00 -2.69979691e-01 9.15178608e-01 2.99264233e-01 2.12931298e-01 -4.88533526e-01 -3.98025852e-01 7.76473061e-01 1.37132492e+00
-8.36660543e-01 -6.53808221e-02 -5.43805557e-01 -1.18158063e+00 -2.66659027e-01 9.15861827e-01 3.00150090e-01 2.31492483e-01 -4.78426691e-01 -3.96134398e-01 7.83699840e-01 1.39369250e+00
-8.43699598e-01 -6.51310679e-02 -5.32849821e-01 -1.18702431e+00 -2.62898566e-01 9.15560959e-01 3.04355833e-01 2.35474511e-01 -4.68033473e-01 -3.96870347e-01 7.89581278e-01 1.42319306e+00
-8.50784750e-01 -6.22790417e-02 -5.21810914e-01 -1.19564996e+00 -2.58099900e-01 9.14463207e-01 3.11675288e-01 2.45244569e-01 -4.57766043e-01 -3.99847927e-01 7.94085565e-01 1.45085572e+00
-8.55626791e-01 -6.24234192e-02 -5.13815250e-01 -1.19453125e+00 -2.56945945e-01 9.12970353e-01 3.16960432e-01 2.58659102e-01 -4.49312335e-01 -4.03222582e-01 7.97201338e-01 1.47786985e+00
-8.61040941e-01 -6.26928343e-02 -5.04656425e-01 -1.20031333e+00 -2.55134408e-01 9.11696538e-01 3.22049463e-01 2.62611058e-01 -4.39903321e-01 -4.06052991e-01 8.01003143e-01 1.50691419e+00
-8.68031514e-01 -6.54864357e-02 -4.92171534e-01 -1.20109348e+00 -2.54431613e-01 9.09888827e-01 3.27668853e-01 2.52868535e-01 -4.26363514e-01 -4.09650887e-01 8.06473994e-01 1.47786518e+00
-8.74491122e-01 -6.16588777e-02 -4.81106494e-01 -1.19778517e+00 -2.48320764e-01 9.08953996e-01 3.34872262e-01 2.56421246e-01 -4.16655823e-01 -4.12311552e-01 8.10183380e-01 1.50809663e+00
-8.80441323e-01 -5.89635447e-02 -4.70474630e-01 -1.19772801e+00 -2.42119692e-01 9.09032202e-01 3.39173274e-01 2.61211151e-01 -4.07677730e-01 -4.12533338e-01 8.14625750e-01 1.53821018e+00
-8.85023746e-01 -5.96500594e-02 -4.61708610e-01 -1.18434951e+00 -2.40079626e-01 9.08188832e-01 3.42862681e-01 2.66214243e-01 -3.98866823e-01 -4.14288444e-01 8.18089446e-01 1.56511417e+00
-8.90848066e-01 -5.76962333e-02 -4.50622756e-01 -1.18694902e+00 -2.34242747e-01 9.08219903e-01 3.46795249e-01 2.87711349e-01 -3.89255776e-01 -4.14496989e-01 8.22600868e-01 1.58670377e+00
-8.96465247e-01 -5.71419160e-02 -4.39414226e-01 -1.19517683e+00 -2.29760952e-01 9.07871808e-01 3.50683170e-01 2.80022152e-01 -3.78893080e-01 -4.15335505e-01 8.27004506e-01 1.55856238e+00
-9.01820091e-01 -5.15510464e-02 -4.29025656e-01 -1.21057511e+00 -2.20354807e-01 9.08925464e-01 3.53974945e-01 3.05756728e-01 -3.71704565e-01 -4.13759582e-01 8.31046764e-01 1.56436980e+00
-9.06161189e-01 -4.73743439e-02 -4.20270830e-01 -1.19741347e+00 -2.12972971e-01 9.09634518e-01 3.56661685e-01 3.12810706e-01 -3.65396240e-01 -4.12699304e-01 8.34364951e-01 1.59093743e+00
-9.10206803e-01 -4.98301586e-02 -4.11145388e-01 -1.18581298e+00 -2.11104861e-01 9.09909299e-01 3.57071148e-01 3.24536109e-01 -3.56312100e-01 -4.11803377e-01 8.38725024e-01 1.61673209e+00
-9.14632197e-01 -4.92704819e-02 -4.01273429e-01 -1.17748803e+00 -2.05666964e-01 9.11222059e-01 3.56896987e-01 3.40195992e-01 -3.48064713e-01 -4.08958162e-01 8.43566344e-01 1.64144886e+00
-9.18511887e-01 -5.18143757e-02 -3.91983654e-01 -1.16934498e+00 -2.04124131e-01 9.11188790e-01 3.57866355e-01 3.52487081e-01 -3.38628490e-01 -4.08717823e-01 8.47514298e-01 1.66832237e+00
-9.20657750e-01 -4.73972488e-02 -3.87482656e-01 -1.15219931e+00 -1.97955519e-01 9.12197467e-01 3.58760914e-01 3.52002200e-01 -3.36456417e-01 -4.07000346e-01 8.49204214e-01 1.69377063e+00
-9.24582372e-01 -4.50595865e-02 -3.78308170e-01 -1.16861476e+00 -1.90678781e-01 9.14394399e-01 3.57105706e-01 3.49480359e-01 -3.29831836e-01 -4.02308981e-01 8.54024848e-01 1.66866359e+00
-9.27084597e-01 -4.61366531e-02 -3.72002097e-01 -1.15778466e+00 -1.88765420e-01 9.14844190e-01 3.56970201e-01 3.60303083e-01 -3.23854546e-01 -4.01162706e-01 8.56846962e-01 1.69476846e+00
-9.28438155e-01 -4.60786435e-02 -3.68618162e-01 -1.13899076e+00 -1.87159422e-01 9.15162673e-01 3.56999484e-01 3.67543793e-01 -3.20895531e-01 -4.00442305e-01 8.58295996e-01 1.71759801e+00
-9.32364532e-01 -4.60895226e-02 -3.58569569e-01 -1.15783953e+00 -1.82576012e-01 9.16092446e-01 3.56988279e-01 3.63258129e-01 -3.12029454e-01 -3.98309411e-01 8.62546945e-01 1.69432184e+00
-9.35133407e-01 -4.38132810e-02 -3.51576320e-01 -1.14895810e+00 -1.78198421e-01 9.15836128e-01 3.59846508e-01 3.72724773e-01 -3.06220239e-01 -3.99154836e-01 8.64236415e-01 1.72173303e+00
-9.38189003e-01 -3.60130868e-02 -3.44244757e-01 -1.13598018e+00 -1.67775504e-01 9.17234922e-01 3.61291402e-01 3.78767061e-01 -3.02742094e-01 -3.96715458e-01 8.66581830e-01 1.74770102e+00
-9.43795783e-01 -3.06112198e-02 -3.29108603e-01 -1.16065492e+00 -1.55404700e-01 9.19879399e-01 3.60098973e-01 3.84960987e-01 -2.91717155e-01 -3.91004915e-01 8.72935425e-01 1.73200899e+00
-9.46683032e-01 -2.86519562e-02 -3.20889862e-01 -1.15463373e+00 -1.49577018e-01 9.21266084e-01 3.59020220e-01 4.01109373e-01 -2.85338314e-01 -3.87876098e-01 8.76432643e-01 1.75739062e+00
-9.48905485e-01 -2.68278461e-02 -3.14417951e-01 -1.13478592e+00 -1.45033881e-01 9.21984564e-01 3.59039884e-01 3.99991549e-01 -2.80256231e-01 -3.86296170e-01 8.78767155e-01 1.78027201e+00
-9.54067151e-01 -2.42087293e-02 -2.98613141e-01 -1.14019452e+00 -1.35553862e-01 9.23750211e-01 3.58204826e-01 3.91028501e-01 -2.67172269e-01 -3.82229622e-01 8.84601319e-01 1.75229454e+00
-9.56507170e-01 -2.12847730e-02 -2.90931248e-01 -1.11941521e+00 -1.28667461e-01 9.25858765e-01 3.55288941e-01 3.98192985e-01 -2.61799002e-01 -3.77269804e-01 8.88329205e-01 1.77278615e+00
-9.59352924e-01 -2.17171881e-02 -2.81372228e-01 -1.10551125e+00 -1.25293678e-01 9.26159255e-01 3.55711299e-01 4.07600822e-01 -2.52870444e-01 -3.76506835e-01 8.91234616e-01 1.79803814e+00
-9.61549883e-01 -2.04474421e-02 -2.73868080e-01 -1.08106845e+00 -1.21696460e-01 9.25694315e-01 3.58161985e-01 3.98945193e-01 -2.46194628e-01 -3.77719389e-01 8.92589642e-01 1.81328594e+00
-9.65059198e-01 -2.20784338e-02 -2.61100148e-01 -1.07399511e+00 -1.18465693e-01 9.25555947e-01 3.59599874e-01 4.08386958e-01 -2.33723393e-01 -3.77966576e-01 8.95831816e-01 1.84108220e+00
-9.66476157e-01 -2.26483682e-02 -2.55755527e-01 -1.04759325e+00 -1.17267810e-01 9.25075859e-01 3.61224192e-01 4.09151749e-01 -2.28412125e-01 -3.79106459e-01 8.96719685e-01 1.85430566e+00
-9.69042119e-01 -2.47909304e-02 -2.45647676e-01 -1.03105402e+00 -1.15259669e-01 9.25298685e-01 3.61299810e-01 4.10576033e-01 -2.18340514e-01 -3.78428003e-01 8.99510793e-01 1.87891209e+00
-9.72500252e-01 -3.09369590e-02 -2.30837962e-01 -1.04386083e+00 -1.15519992e-01 9.24699737e-01 3.62747194e-01 4.02360098e-01 -2.02233507e-01 -3.79438137e-01 9.02844564e-01 1.85265670e+00
-9.75769704e-01 -3.42686281e-02 -2.16099850e-01 -1.07259378e+00 -1.13478035e-01 9.23703566e-01 3.65915915e-01 4.04113087e-01 -1.87072765e-01 -3.81572250e-01 9.05210693e-01 1.84271078e+00
-9.77855814e-01 -3.64528819e-02 -2.06080554e-01 -1.06370567e+00 -1.12543913e-01 9.21800459e-01 3.70968707e-01 4.15051363e-01 -1.76442270e-01 -3.85947018e-01 9.05490488e-01 1.86948001e+00
-9.80405536e-01 -3.40649679e-02 -1.94022070e-01 -1.05370081e+00 -1.06247664e-01 9.20833453e-01 3.75202862e-01 4.20224792e-01 -1.65880739e-01 -3.88465354e-01 9.06409537e-01 1.89712339e+00
-9.82817229e-01 -3.19205005e-02 -1.81800378e-01 -1.03502532e+00 -9.98509716e-02 9.20320193e-01 3.78206988e-01 4.15668479e-01 -1.55242003e-01 -3.89861288e-01 9.07693834e-01 1.91962098e+00
-9.84788356e-01 -3.42969953e-02 -1.70339688e-01 -1.02229542e+00 -9.77768157e-02 9.19767466e-01 3.80088809e-01 4.33694717e-01 -1.43637000e-01 -3.90962305e-01 9.09129741e-01 1.93988450e+00
-9.86907735e-01 -3.31800420e-02 -1.57836017e-01 -1.01848328e+00 -9.20860811e-02 9.19343756e-01 3.82527402e-01 4.45045602e-01 -1.32413281e-01 -3.92053751e-01 9.10362882e-01 1.96749466e+00
-9.88643042e-01 -3.57582698e-02 -1.45966717e-01 -1.01949984e+00 -8.98688162e-02 9.19150168e-01 3.83518663e-01 4.62761089e-01 -1.20451369e-01 -3.92280912e-01 9.11924971e-01 1.99113925e+00
-9.89694907e-01 -4.17168911e-02 -1.36980626e-01 -1.01260320e+00 -9.20137738e-02 9.18252868e-01 3.85155990e-01 4.74423657e-01 -1.09715342e-01 -3.93791025e-01 9.12628715e-01 2.01778932e+00
-9.91224191e-01 -4.62023404e-02 -1.23854534e-01 -1.01845569e+00 -9.10501438e-02 9.17874588e-01 3.86285013e-01 4.72030836e-01 -9.58356583e-02 -3.94172022e-01 9.14026226e-01 1.98812951e+00
-9.92704094e-01 -4.70997942e-02 -1.10996361e-01 -1.00349000e+00 -8.68750427e-02 9.17750992e-01 3.87538183e-01 4.72964625e-01 -8.36140520e-02 -3.94353554e-01 9.15146963e-01 2.01434537e+00
-9.94290045e-01 -4.61899311e-02 -9.61966540e-02 -1.00204046e+00 -7.99345689e-02 9.19594518e-01 3.84650993e-01 4.80420250e-01 -7.06949130e-02 -3.90144091e-01 9.18035847e-01 2.04345800e+00
-9.95016911e-01 -5.28237156e-02 -8.45635953e-02 -9.96973966e-01 -8.13130362e-02 9.20735762e-01 3.81620031e-01 4.91892565e-01 -5.77021384e-02 -3.86594507e-01 9.20442910e-01 2.07075613e+00
-9.95875219e-01 -5.35624224e-02 -7.32367065e-02 -9.95790446e-01 -7.76230527e-02 9.20888561e-01 3.82019530e-01 4.96478284e-01 -4.69809538e-02 -3.86128639e-01 9.21247775e-01 2.10020883e+00
-9.96657358e-01 -5.45946211e-02 -6.07744966e-02 -9.95525999e-01 -7.37478798e-02 9.21300736e-01 3.81793405e-01 5.06871713e-01 -3.51477222e-02 -3.84999196e-01 9.22247394e-01 2.12768113e+00
-9.97170933e-01 -5.73717730e-02 -4.85655244e-02 -9.96387446e-01 -7.16289060e-02 9.21166145e-01 3.82520891e-01 5.14573156e-01 -2.27910153e-02 -3.84917408e-01 9.22669582e-01 2.15695602e+00
-9.97385546e-01 -6.35202261e-02 -3.44565336e-02 -1.00705402e+00 -7.18867597e-02 9.20780807e-01 3.83399268e-01 5.10775406e-01 -7.37330677e-03 -3.84873857e-01 9.22939732e-01 2.12939318e+00
-9.97459134e-01 -6.84087772e-02 -1.98875674e-02 -1.00468090e+00 -7.07963981e-02 9.20689535e-01 3.83821116e-01 5.19739822e-01 7.94645789e-03 -3.84253846e-01 9.23193282e-01 2.15743552e+00
-9.97419944e-01 -7.15466285e-02 -5.87675991e-03 -1.00228985e+00 -6.83766682e-02 9.21905837e-01 3.81332218e-01 5.30297148e-01 2.18652151e-02 -3.80750192e-01 9.24419387e-01 2.18527715e+00
-9.97302076e-01 -7.31626615e-02 5.98288094e-03 -9.99192085e-01 -6.54051559e-02 9.22638260e-01 3.80080001e-01 5.34619984e-01 3.33276993e-02 -3.78663262e-01 9.24934267e-01 2.21489512e+00
-9.96970735e-01 -7.55159069e-02 1.86199001e-02 -9.96699364e-01 -6.27874500e-02 9.22709952e-01 3.80347316e-01 5.42719797e-01 4.59030395e-02 -3.78026046e-01 9.24656271e-01 2.24347034e+00
-9.96671929e-01 -7.50563195e-02 3.18059194e-02 -9.93658745e-01 -5.72673456e-02 9.22357945e-01 3.82068415e-01 5.51008033e-01 5.80130913e-02 -3.78975423e-01 9.23586547e-01 2.27162653e+00
-9.96244399e-01 -7.41440884e-02 4.47185756e-02 -9.89245091e-01 -5.15842952e-02 9.23043632e-01 3.81221082e-01 5.62554576e-01 6.95424860e-02 -3.77482591e-01 9.23401719e-01 2.29911122e+00
-9.95218242e-01 -7.89910039e-02 5.74549643e-02 -9.88994638e-01 -5.14985186e-02 9.24158638e-01 3.78521749e-01 5.80899180e-01 8.29973150e-02 -3.73752903e-01 9.23807454e-01 2.32331300e+00
-9.94235432e-01 -8.23064993e-02 6.87135172e-02 -9.89011848e-01 -5.02957215e-02 9.24007367e-01 3.79052404e-01 5.87717481e-01 9.46902725e-02 -3.73411334e-01 9.22820528e-01 2.35283824e+00
-9.93320702e-01 -8.19541192e-02 8.12250295e-02 -9.86011860e-01 -4.52727739e-02 9.24307906e-01 3.78952860e-01 5.98367360e-01 1.06133684e-01 -3.72744438e-01 9.21844469e-01 2.38031782e+00
-9.92221294e-01 -8.24944397e-02 9.32285921e-02 -9.80163848e-01 -4.14281561e-02 9.25035889e-01 3.77613972e-01 6.09925048e-01 1.17390846e-01 -3.70814335e-01 9.21257900e-01 2.40664263e+00
-9.91162479e-01 -8.58369162e-02 1.01138348e-01 -9.65959206e-01 -4.16420469e-02 9.25217684e-01 3.77144771e-01 6.28056244e-01 1.25947931e-01 -3.69600138e-01 9.20615477e-01 2.42540447e+00
-9.90032399e-01 -8.76139942e-02 1.10270744e-01 -9.61010934e-01 -3.92685922e-02 9.23621589e-01 3.81288787e-01 6.39880613e-01 1.35254673e-01 -3.73158075e-01 9.17855775e-01 2.45226527e+00
-9.88557366e-01 -8.92641035e-02 1.21598737e-01 -9.76637884e-01 -3.65126263e-02 9.23741716e-01 3.81271648e-01 6.48346181e-01 1.46359697e-01 -3.72469007e-01 9.16430945e-01 2.47563282e+00
-9.87011538e-01 -9.22716646e-02 1.31507283e-01 -9.61298239e-01 -3.56338243e-02 9.23952730e-01 3.80843252e-01 6.56902988e-01 1.56647553e-01 -3.71210576e-01 9.15239997e-01 2.49957397e+00
-9.85551720e-01 -9.18540592e-02 1.42304735e-01 -9.82802040e-01 -3.08860000e-02 9.23553179e-01 3.82224516e-01 6.77057942e-01 1.66534863e-01 -3.72306805e-01 9.13046429e-01 2.49871738e+00
-9.84621901e-01 -8.99228206e-02 1.49778500e-01 -9.74135363e-01 -2.54373232e-02 9.22010585e-01 3.86328128e-01 6.96195948e-01 1.72837077e-01 -3.76577171e-01 9.10119211e-01 2.52020461e+00
-9.83924898e-01 -9.12060860e-02 1.53535807e-01 -9.47739073e-01 -2.48671655e-02 9.21343532e-01 3.87953245e-01 7.09428337e-01 1.76842919e-01 -3.77898856e-01 9.08800877e-01 2.52661195e+00
-9.82882619e-01 -9.01363085e-02 1.60677332e-01 -9.37433013e-01 -2.08679995e-02 9.20998422e-01 3.89006984e-01 7.24975831e-01 1.83047222e-01 -3.78995188e-01 9.07114304e-01 2.55042621e+00
-9.81980078e-01 -9.48877995e-02 1.63436325e-01 -9.12051800e-01 -2.41962173e-02 9.20822091e-01 3.89231577e-01 7.37737275e-01 1.87429107e-01 -3.78263114e-01 9.06524873e-01 2.56086243e+00
-9.80594911e-01 -9.76014055e-02 1.70022314e-01 -9.01808885e-01 -2.38193159e-02 9.20151692e-01 3.90836927e-01 7.44879486e-01 1.94592554e-01 -3.79202885e-01 9.04620865e-01 2.58728932e+00
-9.79411593e-01 -9.54984946e-02 1.77856598e-01 -8.93360989e-01 -1.87351474e-02 9.20226501e-01 3.90937565e-01 7.55372559e-01 2.01002304e-01 -3.79556613e-01 9.03069682e-01 2.61380593e+00
-9.77853971e-01 -9.18785189e-02 1.88042411e-01 -8.99148255e-01 -1.17190125e-02 9.21112697e-01 3.89119600e-01 7.76917563e-01 2.08959985e-01 -3.78298474e-01 9.01790434e-01 2.63357553e+00
