3.72803118e-01 9.15745933e-01 1.49757207e-01 0.00000000e+00 -9.27776507e-01 3.70605005e-01 4.33898925e-02 0.00000000e+00 -1.57666527e-02 -1.55117106e-01 9.87770265e-01 0.00000000e+00
3.66290496e-01 1.43369916e-01 9.19389111e-01 -1.03397073e-02 -9.30496875e-01 5.36604924e-02 3.62348061e-01 2.70087728e-02 -2.61493863e-03 9.88213346e-01 -1.53060588e-01 8.91687702e-03
3.68376898e-01 1.41067133e-01 9.18911598e-01 -1.94907603e-02 -9.29676366e-01 5.53014066e-02 3.64202701e-01 1.22360681e-03 -5.59926668e-04 9.88454257e-01 -1.51518541e-01 2.03079769e-02
3.73226780e-01 1.37263134e-01 9.17529620e-01 -8.58273138e-03 -9.27734538e-01 5.86576026e-02 3.68602649e-01 -2.65511269e-02 3.22453309e-03 9.88796297e-01 -1.49236339e-01 2.39743146e-02
3.77663481e-01 1.34405916e-01 9.16136096e-01 -1.14479033e-03 -9.25940907e-01 5.68841386e-02 3.73359923e-01 -5.55566853e-02 1.93183052e-03 9.89292295e-01 -1.45934998e-01 2.07516476e-02
3.79961885e-01 1.34374678e-01 9.15189822e-01 -3.07243401e-02 -9.25001852e-01 5.44113847e-02 3.76046506e-01 -5.92189348e-02 -7.34382589e-04 9.89435621e-01 -1.44971079e-01 2.24280994e-02
3.79443495e-01 1.37508506e-01 9.14939367e-01 -3.40592803e-02 -9.25209680e-01 5.30683509e-02 3.75727025e-01 -3.48607405e-02 -3.11133827e-03 9.89077934e-01 -1.47360642e-01 3.94700585e-02
3.87720734e-01 1.23967558e-01 9.13402801e-01 -2.75977080e-02 -9.21754264e-01 4.51997541e-02 3.85131222e-01 -3.71961617e-02 -6.45819494e-03 9.91256287e-01 -1.31792507e-01 1.07366364e-02
3.88812696e-01 1.24838086e-01 9.12819883e-01 -5.74482783e-02 -9.21306506e-01 4.79947788e-02 3.85863736e-01 -3.99497759e-02 -4.35990164e-03 9.91015617e-01 -1.33675121e-01 1.04242061e-02
3.89144444e-01 1.22769980e-01 9.12958999e-01 -2.91507275e-02 -9.21155395e-01 4.51140705e-02 3.86571414e-01 -3.26594134e-02 -6.27206817e-03 9.91409225e-01 -1.30646120e-01 4.94587917e-03
3.87524568e-01 1.19524679e-01 9.14077984e-01 -5.34772314e-02 -9.21854546e-01 4.70351097e-02 3.84671150e-01 -2.61776839e-02 -2.98393748e-03 9.91716466e-01 -1.28411630e-01 2.08221284e-02
3.92539570e-01 1.17091390e-01 9.12251222e-01 -7.77077204e-02 -9.19717349e-01 4.38080092e-02 3.90129280e-01 -4.22743350e-02 -5.71686947e-03 9.92154456e-01 -1.24887360e-01 2.87036453e-02
3.84616738e-01 1.12043687e-01 9.16251154e-01 -8.65974306e-02 -9.23059994e-01 4.07737627e-02 3.82488885e-01 -1.39666825e-02 -5.49645767e-03 9.92866413e-01 -1.19105317e-01 2.22565869e-02
3.76501913e-01 1.09636453e-01 9.19905515e-01 -8.60227171e-02 -9.26411711e-01 4.15919310e-02 3.74207768e-01 1.46348143e-02 -2.76616550e-03 9.93101183e-01 -1.17227936e-01 1.39957770e-02
3.70296755e-01 1.10074996e-01 9.22368586e-01 -1.07424460e-01 -9.28881802e-01 3.56736462e-02 3.68654296e-01 -3.47614440e-04 -7.67536938e-03 9.93282883e-01 -1.15456496e-01 2.87485830e-02
3.75985888e-01 9.92550246e-02 9.21294226e-01 -1.02545648e-01 -9.26583980e-01 3.08723815e-02 3.74818654e-01 -2.27516184e-02 -8.76008770e-03 9.94582996e-01 -1.03575696e-01 9.16033222e-03
3.73461771e-01 9.21096776e-02 9.23061272e-01 -1.11368575e-01 -9.27601061e-01 2.73332048e-02 3.72571023e-01 4.09290121e-03 -9.08717391e-03 9.95373650e-01 -9.56489420e-02 -4.10750943e-04
3.66936752e-01 8.01803922e-02 9.26783969e-01 -1.00331610e-01 -9.30245889e-01 3.16930274e-02 3.65565502e-01 2.01359383e-02 6.14045115e-05 9.96276396e-01 -8.62168172e-02 -2.28966990e-02
3.55108052e-01 7.30426085e-02 9.31967300e-01 -1.10032805e-01 -9.34754724e-01 3.99911238e-02 3.53035857e-01 4.67377433e-02 1.14837600e-02 9.96526712e-01 -8.24780937e-02 -3.14852281e-02
3.54095092e-01 6.98843605e-02 9.32594683e-01 -8.99727391e-02 -9.34951703e-01 4.98620969e-02 3.51253589e-01 2.41086955e-02 2.19539942e-02 9.96308159e-01 -8.29944259e-02 -3.13955395e-02
3.48689190e-01 6.76212885e-02 9.34795812e-01 -1.16304516e-01 -9.36841409e-01 5.41745928e-02 3.45533337e-01 1.12774034e-02 2.72767732e-02 9.96239165e-01 -8.22405185e-02 -2.64001853e-02
3.45027531e-01 7.28239246e-02 9.35763153e-01 -1.15364002e-01 -9.38173825e-01 5.65357532e-02 3.41516593e-01 5.43400846e-03 2.80334963e-02 9.95741124e-01 -8.78278914e-02 2.84178427e-03
3.42809953e-01 6.80779365e-02 9.36934753e-01 -1.44667201e-01 -9.39036146e-01 5.27716509e-02 3.39744418e-01 2.37326851e-03 2.63144949e-02 9.96283367e-01 -8.20182907e-02 -1.47441582e-03
3.43808689e-01 6.33974699e-02 9.36897191e-01 -1.16860602e-01 -9.38647773e-01 5.20253448e-02 3.40930669e-01 -3.02671825e-04 2.71282577e-02 9.96631389e-01 -7.73946598e-02 -9.65783893e-03
3.37017656e-01 5.95323841e-02 9.39614279e-01 -1.45835399e-01 -9.41067202e-01 5.14989913e-02 3.34275896e-01 -6.15066450e-03 2.84889468e-02 9.96897061e-01 -7.33800437e-02 -6.42073058e-03
3.34040960e-01 5.52940140e-02 9.40935284e-01 -1.68736710e-01 -9.42201871e-01 4.70496162e-02 3.31725742e-01 1.33503620e-02 2.59281963e-02 9.97360971e-01 -6.78146227e-02 -8.92689503e-03
3.35825056e-01 4.72077123e-02 9.40740646e-01 -1.49105694e-01 -9.41477337e-01 4.75897966e-02 3.33699916e-01 9.14572800e-04 2.90164465e-02 9.97750793e-01 -6.04268377e-02 -2.71337903e-02
3.32300569e-01 4.38437651e-02 9.42153945e-01 -1.72135714e-01 -9.42588910e-01 5.06035663e-02 3.30099113e-01 -1.55103578e-02 3.32035618e-02 9.97755984e-01 -5.81422410e-02 -1.69222591e-02
3.28996758e-01 4.16332532e-02 9.43412850e-01 -1.44825564e-01 -9.43614219e-01 5.34121689e-02 3.26709878e-01 -8.83222022e-03 3.67877316e-02 9.97704271e-01 -5.68581606e-02 -2.76501298e-02
3.20919444e-01 3.90898142e-02 9.46299475e-01 -1.16546811e-01 -9.46237280e-01 5.60296707e-02 3.18583875e-01 -1.54210668e-03 4.05674637e-02 9.97663602e-01 -5.49692501e-02 -3.56054533e-02
3.12549761e-01 3.89711229e-02 9.49101627e-01 -1.11250545e-01 -9.48938242e-01 5.77925556e-02 3.10122933e-01 -2.75420588e-02 4.27651697e-02 9.97567678e-01 -5.50442383e-02 -2.22890856e-02
3.00547384e-01 3.56977609e-02 9.53098599e-01 -8.62910230e-02 -9.52645797e-01 5.96731773e-02 2.98169575e-01 -1.32181893e-02 4.62304357e-02 9.97579462e-01 -5.19419394e-02 -2.74680184e-02
2.87005736e-01 2.88176384e-02 9.57495301e-01 -9.74594305e-02 -9.56495119e-01 6.32881331e-02 2.84801159e-01 1.75050885e-03 5.23907935e-02 9.97579148e-01 -4.57279882e-02 -5.08830757e-02
2.76299931e-01 2.85857924e-02 9.60646241e-01 -8.24376617e-02 -9.59369091e-01 6.76710509e-02 2.73918923e-01 2.49612663e-02 5.71777514e-02 9.97298091e-01 -4.61218326e-02 -6.39256275e-02
2.68304236e-01 3.25635589e-02 9.62783699e-01 -6.79504392e-02 -9.61918280e-01 6.32240953e-02 2.65924680e-01 8.14602290e-03 5.22116746e-02 9.97467959e-01 -4.82867757e-02 -8.41862702e-02
2.46960960e-01 3.66105850e-02 9.68333593e-01 -8.27190920e-02 -9.67711388e-01 6.13406202e-02 2.44483121e-01 3.32540590e-02 5.04475135e-02 9.97445233e-01 -5.05772190e-02 -9.09887461e-02
2.32996339e-01 4.18031894e-02 9.71578715e-01 -1.11576572e-01 -9.71366500e-01 5.77492543e-02 2.30460725e-01 2.45182764e-02 4.64739531e-02 9.97455521e-01 -5.40615829e-02 -9.20923441e-02
2.20300446e-01 4.29544373e-02 9.74485829e-01 -8.83055069e-02 -9.74284972e-01 5.81256165e-02 2.17692915e-01 4.31709994e-02 4.72917131e-02 9.97384745e-01 -5.46549622e-02 -9.53359944e-02
2.09179845e-01 3.94703430e-02 9.77080285e-01 -1.14992712e-01 -9.76330420e-01 6.46069425e-02 2.06409434e-01 5.56644023e-02 5.49791190e-02 9.97129899e-01 -5.20505666e-02 -9.93088069e-02
1.95901416e-01 3.92259413e-02 9.79838742e-01 -1.10811932e-01 -9.78651216e-01 7.11626369e-02 1.92815133e-01 8.58990612e-02 6.21645537e-02 9.96693135e-01 -5.23293769e-02 -1.00752526e-01
1.80730421e-01 3.60995985e-02 9.82869948e-01 -8.63088387e-02 -9.81195931e-01 7.54631730e-02 1.77650933e-01 9.93336163e-02 6.77573577e-02 9.96494922e-01 -4.90592702e-02 -1.12144557e-01
1.68515172e-01 3.22511329e-02 9.85171305e-01 -8.17046432e-02 -9.83090490e-01 7.81638269e-02 1.65600431e-01 7.10663555e-02 7.16639582e-02 9.96418728e-01 -4.48775731e-02 -1.02164192e-01
1.56625987e-01 3.05312313e-02 9.87185972e-01 -5.27857405e-02 -9.84677330e-01 8.24218527e-02 1.53678864e-01 8.07578181e-02 7.66736921e-02 9.96129752e-01 -4.29728158e-02 -1.02490025e-01
1.41234531e-01 3.18470588e-02 9.89463779e-01 -7.76591566e-02 -9.86951968e-01 8.25935864e-02 1.38217628e-01 8.84139276e-02 7.73215376e-02 9.96074327e-01 -4.30965841e-02 -8.71677594e-02
1.24046362e-01 3.42490476e-02 9.91685183e-01 -6.99060886e-02 -9.89436120e-01 7.98326293e-02 1.21007918e-01 1.16955528e-01 7.50244300e-02 9.96219732e-01 -4.37901925e-02 -9.18217495e-02
1.08247697e-01 3.32033615e-02 9.93569309e-01 -8.42152070e-02 -9.91240856e-01 7.96668057e-02 1.05331691e-01 1.43018841e-01 7.56571273e-02 9.96268406e-01 -4.15362774e-02 -9.13054756e-02
1.01396188e-01 3.10903593e-02 9.94360198e-01 -7.93023515e-02 -9.91961216e-01 7.92230108e-02 9.86745196e-02 1.13451407e-01 7.57083827e-02 9.96371971e-01 -3.88733417e-02 -9.11881154e-02
8.45893521e-02 2.89562914e-02 9.95995068e-01 -1.05900910e-01 -9.93180774e-01 8.29331624e-02 8.19392424e-02 1.25857240e-01 8.02283644e-02 9.96134340e-01 -3.57740944e-02 -8.45412443e-02
7.33152627e-02 2.68820322e-02 9.96946452e-01 -1.01515847e-01 -9.93772794e-01 8.60727463e-02 7.07609761e-02 9.64677378e-02 8.39077205e-02 9.95926122e-01 -3.30250785e-02 -8.83526462e-02
6.48745373e-02 2.94713890e-02 9.97458135e-01 -9.13068210e-02 -9.94236572e-01 8.74036401e-02 6.20825362e-02 7.29887927e-02 8.53518135e-02 9.95736934e-01 -3.49718041e-02 -7.33463407e-02
5.35564436e-02 2.99088242e-02 9.98116812e-01 -7.90952333e-02 -9.94647737e-01 9.00456611e-02 5.06720616e-02 4.65614489e-02 8.83605467e-02 9.95488444e-01 -3.45712700e-02 -6.62558408e-02
3.84922155e-02 3.11299626e-02 9.98773885e-01 -1.05615052e-01 -9.95022238e-01 9.31365465e-02 3.54447328e-02 5.94699163e-02 9.19189574e-02 9.95166574e-01 -3.45600370e-02 -6.01823350e-02
3.06191809e-02 2.95520174e-02 9.99094161e-01 -9.48465045e-02 -9.95596085e-01 8.95098359e-02 2.78643814e-02 3.14807864e-02 8.86053060e-02 9.95547422e-01 -3.21625908e-02 -6.08899790e-02
2.48016761e-02 2.81173921e-02 9.99296897e-01 -7.95245071e-02 -9.95579981e-01 9.12702683e-02 2.21413386e-02 8.38222170e-03 9.05835395e-02 9.95429128e-01 -3.02567691e-02 -4.77242201e-02
1.75807721e-02 2.57961339e-02 9.99512619e-01 -6.63142166e-02 -9.95111110e-01 9.76184425e-02 1.49839466e-02 -1.92307620e-02 9.71843375e-02 9.94889541e-01 -2.73862276e-02 -4.34221663e-02
5.91726608e-03 2.54492991e-02 9.99658601e-01 -4.66451381e-02 -9.94810733e-01 1.01689316e-01 3.29976498e-03 -4.27009292e-02 1.01570623e-01 9.94490632e-01 -2.59189588e-02 -4.47064831e-02
-8.98085050e-03 2.44167902e-02 9.99661525e-01 -1.72938836e-02 -9.94747956e-01 1.01715591e-01 -1.14211162e-02 -4.90431502e-02 1.01960031e-01 9.94513830e-01 -2.33750600e-02 -4.08322781e-02
-1.75888567e-02 1.83842303e-02 9.99676273e-01 -7.96815823e-03 -9.94684238e-01 1.01135663e-01 -1.93609272e-02 -7.76608026e-02 1.01458859e-01 9.94702769e-01 -1.65076434e-02 -4.67398093e-02
-2.69878033e-02 1.41139899e-02 9.99536119e-01 8.95525328e-03 -9.93653859e-01 1.08845673e-01 -2.83659393e-02 -1.02621296e-01 1.09195538e-01 9.93958457e-01 -1.10869147e-02 -4.99375952e-02
-2.89525976e-02 1.40359933e-02 9.99482235e-01 1.65552424e-02 -9.92892688e-01 1.15070876e-01 -3.03776847e-02 -1.32179434e-01 1.15437677e-01 9.93258116e-01 -1.06046346e-02 -4.81115983e-02
-4.10362475e-02 1.71014166e-02 9.99011295e-01 4.19227101e-02 -9.92667196e-01 1.13082142e-01 -4.27114301e-02 -1.49071873e-01 1.13700764e-01 9.93438459e-01 -1.23355486e-02 -5.03515869e-02
-5.17996061e-02 1.87975653e-02 9.98480572e-01 6.24426765e-02 -9.92373322e-01 1.11018650e-01 -5.35728268e-02 -1.71679874e-01 1.11857004e-01 9.93640534e-01 -1.29034809e-02 -5.32880440e-02
-5.08194902e-02 1.16789892e-02 9.98639564e-01 6.73504777e-02 -9.92541782e-01 1.10352157e-01 -5.17997388e-02 -1.97494456e-01 1.10806999e-01 9.93823930e-01 -5.98384493e-03 -6.84540747e-02
-5.92859628e-02 1.31380966e-02 9.98154580e-01 8.39618233e-02 -9.92293638e-01 1.08211572e-01 -6.03621710e-02 -2.22623553e-01 1.08804920e-01 9.94041069e-01 -6.62142233e-03 -7.14392406e-02
-7.14246228e-02 1.74398554e-02 9.97293524e-01 9.41353737e-02 -9.91108870e-01 1.11286776e-01 -7.29277796e-02 -2.51134152e-01 1.12257431e-01 9.93635298e-01 -9.33617945e-03 -7.53082699e-02
-8.28902912e-02 2.17656211e-02 9.96320961e-01 7.29582539e-02 -9.90310819e-01 1.09975738e-01 -8.47927981e-02 -2.29090399e-01 1.11416701e-01 9.93695927e-01 -1.24388096e-02 -7.02454015e-02
-8.26269084e-02 2.15555538e-02 9.96347405e-01 7.84397316e-02 -9.90170781e-01 1.11432789e-01 -8.45254824e-02 -2.58564691e-01 1.12847764e-01 9.93538168e-01 -1.21363333e-02 -7.61997879e-02
-8.83728790e-02 2.31384388e-02 9.95818682e-01 9.80102642e-02 -9.89655025e-01 1.11392150e-01 -9.04141537e-02 -2.81610260e-01 1.13018427e-01 9.93507122e-01 -1.30550278e-02 -7.65811808e-02
-9.73153811e-02 2.57299785e-02 9.94920944e-01 1.20179095e-01 -9.88443897e-01 1.14242156e-01 -9.96363002e-02 -3.02226147e-01 1.16225554e-01 9.93119680e-01 -1.43151218e-02 -7.29420935e-02
-1.05507326e-01 2.91587375e-02 9.93990932e-01 1.31998147e-01 -9.87685729e-01 1.13046669e-01 -1.08154284e-01 -3.29865875e-01 1.15521007e-01 9.93161728e-01 -1.68724174e-02 -6.78785805e-02
-1.11889666e-01 2.93662138e-02 9.93286629e-01 1.43291338e-01 -9.86911240e-01 1.13532063e-01 -1.14528044e-01 -3.58131911e-01 1.16133136e-01 9.93100245e-01 -1.62787822e-02 -6.94156451e-02
-1.19534854e-01 3.12921820e-02 9.92336746e-01 1.59993244e-01 -9.85401124e-01 1.18302723e-01 -1.22429941e-01 -3.83483488e-01 1.21227239e-01 9.92484390e-01 -1.66940526e-02 -6.52067921e-02
-1.28839862e-01 3.10091558e-02 9.91180469e-01 1.84911523e-01 -9.83860700e-01 1.21156189e-01 -1.31678772e-01 -4.00090130e-01 1.24170896e-01 9.92148986e-01 -1.48989432e-02 -5.95269486e-02
-1.39770090e-01 3.17805313e-02 9.89673845e-01 2.04366731e-01 -9.82070046e-01 1.23240955e-01 -1.42653745e-01 -4.23614338e-01 1.26501962e-01 9.91867766e-01 -1.39853090e-02 -5.65698305e-02
-1.47222205e-01 3.48050587e-02 9.88490885e-01 2.19593054e-01 -9.80990395e-01 1.22601329e-01 -1.50421938e-01 -4.49822865e-01 1.26425741e-01 9.91845513e-01 -1.60937904e-02 -5.59318523e-02
-1.55325574e-01 3.48342777e-02 9.87248975e-01 2.31256573e-01 -9.79834316e-01 1.21725286e-01 -1.58453991e-01 -4.77621872e-01 1.25692795e-01 9.91952382e-01 -1.52247706e-02 -5.38382566e-02
-1.65869021e-01 3.28687684e-02 9.85599874e-01 2.54458759e-01 -9.77920377e-01 1.23350477e-01 -1.68690234e-01 -4.96374278e-01 1.27118855e-01 9.91818685e-01 -1.16830156e-02 -5.07393616e-02
-1.69150315e-01 2.80865160e-02 9.85189991e-01 2.58386845e-01 -9.77395511e-01 1.23853174e-01 -1.71342952e-01 -5.26223763e-01 1.26831335e-01 9.91902989e-01 -6.50183196e-03 -5.42744079e-02
-1.80092230e-01 2.52976081e-02 9.83324371e-01 2.74562997e-01 -9.75438739e-01 1.24303377e-01 -1.81845910e-01 -5.50776203e-01 1.26830806e-01 9.91921722e-01 -2.29019460e-03 -6.03439934e-02
-1.90821201e-01 2.49430410e-02 9.81307859e-01 2.99718624e-01 -9.73254410e-01 1.25463465e-01 -1.92444209e-01 -5.66405601e-01 1.27918428e-01 9.91784636e-01 -3.34835810e-04 -5.69970976e-02
-2.00042579e-01 2.36925218e-02 9.79500705e-01 3.25951065e-01 -9.71094852e-01 1.28075157e-01 -2.01423787e-01 -5.80999640e-01 1.30221944e-01 9.91481426e-01 2.61279825e-03 -5.48040138e-02
-2.11001208e-01 2.20679158e-02 9.77236664e-01 3.49645341e-01 -9.68140220e-01 1.33196983e-01 -2.12044987e-01 -5.98432990e-01 1.34844367e-01 9.90843868e-01 6.73988775e-03 -4.95770789e-02
-2.22889441e-01 2.11243227e-02 9.74614827e-01 3.76836320e-01 -9.65421262e-01 1.33884670e-01 -2.23688806e-01 -6.09826975e-01 1.35211259e-01 9.90771749e-01 9.44760850e-03 -4.47532965e-02
-2.35736250e-01 1.99284290e-02 9.71612720e-01 4.04313801e-01 -9.62267930e-01 1.35025290e-01 -2.36238441e-01 -6.21233895e-01 1.35900151e-01 9.90641725e-01 1.26538676e-02 -4.16779424e-02
-2.48710650e-01 1.45742658e-02 9.68468173e-01 4.31663251e-01 -9.59189977e-01 1.35169769e-01 -2.48362073e-01 -6.18467445e-01 1.34527314e-01 9.90715259e-01 1.96386715e-02 -5.34980138e-02
-2.60675168e-01 9.65655381e-03 9.65378272e-01 4.50588861e-01 -9.56308210e-01 1.34525649e-01 -2.59571677e-01 -6.41817651e-01 1.32374706e-01 9.90863059e-01 2.58328543e-02 -5.46891948e-02
-2.78978050e-01 1.10662212e-02 9.60233714e-01 4.58284672e-01 -9.51215569e-01 1.34011889e-01 -2.77902417e-01 -6.17486178e-01 1.31758064e-01 9.90917934e-01 2.68600137e-02 -3.88570842e-02
-2.91473538e-01 1.19174912e-02 9.56504652e-01 4.78311848e-01 -9.47324068e-01 1.35159887e-01 -2.90359971e-01 -6.39215437e-01 1.32741424e-01 9.90752128e-01 2.81058041e-02 -4.27091686e-02
-3.04965675e-01 1.29524433e-02 9.52275260e-01 5.08042244e-01 -9.43496721e-01 1.32016459e-01 -3.03949983e-01 -6.40467219e-01 1.29652903e-01 9.91162897e-01 2.80399002e-02 -4.02385360e-02
-3.18982594e-01 1.43089401e-02 9.47652552e-01 5.37954896e-01 -9.39169770e-01 1.29549626e-01 -3.18083380e-01 -6.40703539e-01 1.27319471e-01 9.91469692e-01 2.78855520e-02 -4.26236699e-02
-3.29056603e-01 1.79650860e-02 9.44139295e-01 5.44302224e-01 -9.35554728e-01 1.29632287e-01 -3.28531307e-01 -6.62231392e-01 1.28293029e-01 9.91399378e-01 2.58490390e-02 -2.29211127e-02
-3.42516087e-01 1.56587716e-02 9.39381463e-01 5.73744381e-01 -9.30696534e-01 1.30993141e-01 -3.41532955e-01 -6.63881089e-01 1.28400515e-01 9.91259602e-01 3.02936937e-02 -2.76384567e-02
-3.54833825e-01 1.53776888e-02 9.34802912e-01 5.92258081e-01 -9.25170056e-01 1.38316840e-01 -3.53452710e-01 -6.84665957e-01 1.34734271e-01 9.90268640e-01 3.48525158e-02 -3.72779026e-02
-3.68083271e-01 1.68082845e-02 9.29640892e-01 6.19825844e-01 -9.19791834e-01 1.39669474e-01 -3.66708902e-01 -6.87539683e-01 1.36006203e-01 9.90055514e-01 3.59498747e-02 -4.76345463e-02
-3.82513665e-01 1.73650246e-02 9.23786637e-01 6.48319115e-01 -9.13821031e-01 1.40528221e-01 -3.81028792e-01 -6.84906168e-01 1.36434668e-01 9.89924378e-01 3.78854404e-02 -5.28446276e-02
-3.93715705e-01 1.84222029e-02 9.19047641e-01 6.76395181e-01 -9.08610879e-01 1.43747797e-01 -3.92126052e-01 -6.83458620e-01 1.39334900e-01 9.89442870e-01 3.98571517e-02 -4.53747734e-02
-4.04122332e-01 1.68682604e-02 9.14549399e-01 6.93383253e-01 -9.03575610e-01 1.48130947e-01 -4.02005396e-01 -6.82812105e-01 1.42254201e-01 9.88823890e-01 4.46212755e-02 -6.94543599e-02
-4.12704466e-01 1.29314465e-02 9.10773188e-01 7.22409516e-01 -8.99853562e-01 1.49218046e-01 -4.09875031e-01 -6.79559731e-01 1.41204073e-01 9.88719755e-01 4.99465455e-02 -7.54227939e-02
-4.23294040e-01 1.26336496e-02 9.05904270e-01 7.48890809e-01 -8.94209016e-01 1.54915641e-01 -4.19989737e-01 -6.79995031e-01 1.45644744e-01 9.87846919e-01 5.42777446e-02 -8.81390787e-02
-4.34394731e-01 1.53063739e-02 9.00592545e-01 7.77857511e-01 -8.88066246e-01 1.59746381e-01 -4.31067786e-01 -6.75355043e-01 1.50464484e-01 9.87039417e-01 5.57999117e-02 -9.39853162e-02
-4.50627983e-01 2.65704139e-02 8.92316331e-01 7.98620737e-01 -8.78553505e-01 1.64114793e-01 -4.48564458e-01 -6.54072795e-01 1.58360854e-01 9.86083337e-01 5.06111885e-02 -9.06151983e-02
-4.60990587e-01 2.83677739e-02 8.86951491e-01 8.17602510e-01 -8.73552906e-01 1.61402759e-01 -4.59188927e-01 -6.35646241e-01 1.56182585e-01 9.86480825e-01 4.96244013e-02 -1.03365021e-01
-4.67689228e-01 2.96597612e-02 8.83395203e-01 8.41026801e-01 -8.69561357e-01 1.63807170e-01 -4.65865062e-01 -6.22932860e-01 1.58523915e-01 9.86046404e-01 5.08198671e-02 -1.15278808e-01
-4.74693980e-01 3.33653716e-02 8.79518263e-01 8.69595711e-01 -8.64956573e-01 1.67192478e-01 -4.73177345e-01 -6.14321856e-01 1.62836577e-01 9.85359542e-01 5.05056653e-02 -1.15697606e-01
-4.71438022e-01 4.36220673e-02 8.80819679e-01 8.66955729e-01 -8.65948788e-01 1.66200612e-01 -4.71709712e-01 -6.31817864e-01 1.66969723e-01 9.85126627e-01 4.05788117e-02 -9.16029365e-02
-4.71928969e-01 4.41111732e-02 8.80532368e-01 8.77016669e-01 -8.64849291e-01 1.70809360e-01 -4.72080358e-01 -6.27657387e-01 1.71227189e-01 9.84316193e-01 4.24603679e-02 -1.19210289e-01
-4.74479823e-01 4.26277643e-02 8.79233627e-01 8.99596650e-01 -8.63402717e-01 1.72036688e-01 -4.74277477e-01 -6.12581128e-01 1.71477830e-01 9.84167796e-01 4.48230099e-02 -1.31310802e-01
-4.76012660e-01 4.49533434e-02 8.78288759e-01 9.27953516e-01 -8.61423582e-01 1.77272055e-01 -4.75945407e-01 -6.05455237e-01 1.77091391e-01 9.83134688e-01 4.56598716e-02 -1.37154872e-01
-4.71417989e-01 4.98090754e-02 8.80502207e-01 8.99442428e-01 -8.63469218e-01 1.77034262e-01 -4.72313222e-01 -6.11571211e-01 1.79404544e-01 9.82943501e-01 4.04485324e-02 -1.30332287e-01
-4.69995561e-01 4.99550254e-02 8.81254031e-01 9.26198360e-01 -8.64655765e-01 1.74614666e-01 -4.71041534e-01 -5.99493215e-01 1.77410770e-01 9.83368809e-01 3.88742175e-02 -1.35988873e-01
-4.68677672e-01 4.75030151e-02 8.82091097e-01 9.48174628e-01 -8.65266976e-01 1.76428772e-01 -4.69239755e-01 -5.83826125e-01 1.77916553e-01 9.83166493e-01 4.15854362e-02 -1.48572866e-01
-4.63296901e-01 4.42253602e-02 8.85098920e-01 9.71932105e-01 -8.68075115e-01 1.78330927e-01 -4.63296531e-01 -5.71438638e-01 1.78329968e-01 9.82976194e-01 4.42292312e-02 -1.62057636e-01
-4.53366642e-01 4.72083429e-02 8.90073064e-01 1.00015252e+00 -8.73135810e-01 1.77181930e-01 -4.54137005e-01 -5.71333585e-01 1.79143919e-01 9.83045236e-01 3.91090824e-02 -1.51946791e-01
-4.46465411e-01 4.66847948e-02 8.93582210e-01 1.02408439e+00 -8.76967545e-01 1.75552325e-01 -4.47335785e-01 -5.59668113e-01 1.77754214e-01 9.83362554e-01 3.74369911e-02 -1.66409611e-01
-4.37809420e-01 4.63779773e-02 8.97870812e-01 1.04619162e+00 -8.81672750e-01 1.73350686e-01 -4.38865240e-01 -5.44771460e-01 1.76000203e-01 9.83767566e-01 3.50043646e-02 -1.80987920e-01
-4.28369214e-01 4.48026787e-02 9.02492402e-01 1.06107153e+00 -8.87076984e-01 1.69296667e-01 -4.29456706e-01 -5.25311597e-01 1.72029767e-01 9.84546271e-01 3.27780547e-02 -1.98585882e-01
-4.18417097e-01 4.43364732e-02 9.07172205e-01 1.08912764e+00 -8.92142867e-01 1.67236028e-01 -4.19658452e-01 -5.17904303e-01 1.70318052e-01 9.84919483e-01 3.04199452e-02 -2.05693811e-01
-4.12963978e-01 4.49232230e-02 9.09638751e-01 1.11460739e+00 -8.95218330e-01 1.63631439e-01 -4.14498364e-01 -5.02819987e-01 1.67466101e-01 9.85498177e-01 2.73577973e-02 -2.12486486e-01
-4.03773144e-01 4.60171819e-02 9.13701082e-01 1.14394531e+00 -8.99797385e-01 1.60505352e-01 -4.05712580e-01 -4.94129372e-01 1.65323664e-01 9.85961689e-01 2.34016106e-02 -2.17612672e-01
-3.93515166e-01 4.69340472e-02 9.18119278e-01 1.17218203e+00 -9.04479987e-01 1.58942726e-01 -3.95794344e-01 -4.86659817e-01 1.64504611e-01 9.86171590e-01 2.00954663e-02 -2.27970114e-01
-3.80488855e-01 4.86759769e-02 9.23503589e-01 1.19907725e+00 -9.10129490e-01 1.57371618e-01 -3.83273383e-01 -4.86147393e-01 1.63989460e-01 9.86339102e-01 1.55767045e-02 -2.41608467e-01
-3.67915360e-01 5.09204383e-02 9.28463999e-01 1.22852869e+00 -9.15463019e-01 1.55185945e-01 -3.71274538e-01 -4.83511079e-01 1.62990026e-01 9.86572061e-01 1.04795146e-02 -2.46596602e-01
-3.45658563e-01 5.80207341e-02 9.36564868e-01 1.25856786e+00 -9.24427765e-01 1.50299350e-01 -3.50490245e-01 -4.82772364e-01 1.61100793e-01 9.86936523e-01 -1.68372037e-03 -2.51059467e-01
-3.31708340e-01 6.03881977e-02 9.41447207e-01 1.28638547e+00 -9.29237235e-01 1.51249258e-01 -3.37108027e-01 -4.86854963e-01 1.62750539e-01 9.86649343e-01 -5.94432182e-03 -2.61775449e-01
-3.18044188e-01 6.26041941e-02 9.46006664e-01 1.31643255e+00 -9.33265093e-01 1.55010198e-01 -3.24018676e-01 -4.86712641e-01 1.66925609e-01 9.85927255e-01 -9.12621671e-03 -2.61916573e-01
-3.04924889e-01 6.44329238e-02 9.50194301e-01 1.34423351e+00 -9.37187288e-01 1.57176388e-01 -3.11409007e-01 -4.96638242e-01 1.69413102e-01 9.85466378e-01 -1.24587244e-02 -2.66277723e-01
-2.93671186e-01 6.66511011e-02 9.53580026e-01 1.37323335e+00 -9.41290121e-01 1.53617742e-01 -3.00623514e-01 -5.00770529e-01 1.66523698e-01 9.85879922e-01 -1.76249186e-02 -2.73552561e-01
-2.82615650e-01 6.73484069e-02 9.56866024e-01 1.40233372e+00 -9.45126620e-01 1.50895870e-01 -2.89769062e-01 -5.06179087e-01 1.63902616e-01 9.86252822e-01 -2.10072378e-02 -2.78472834e-01
-2.72414460e-01 6.90741916e-02 9.59697409e-01 1.43130928e+00 -9.48281682e-01 1.49642528e-01 -2.79944571e-01 -5.08760678e-01 1.62948492e-01 9.86324424e-01 -2.47370019e-02 -2.85693347e-01
-2.62828311e-01 6.79624926e-02 9.62446040e-01 1.46035268e+00 -9.51346440e-01 1.48005709e-01 -2.70248516e-01 -5.12012480e-01 1.60814272e-01 9.86648575e-01 -2.57557853e-02 -2.92502135e-01
-2.51659112e-01 6.93799464e-02 9.65325911e-01 1.48955473e+00 -9.55165398e-01 1.42937515e-01 -2.59283491e-01 -5.14910696e-01 1.55970362e-01 9.87296961e-01 -3.02977966e-02 -3.01872011e-01
-2.40750449e-01 7.07848760e-02 9.68002440e-01 1.52016355e+00 -9.59007570e-01 1.36249362e-01 -2.48476539e-01 -5.12782107e-01 1.49478097e-01 9.88142507e-01 -3.50811368e-02 -3.01005706e-01
-2.28377386e-01 7.32901098e-02 9.70810140e-01 1.54913859e+00 -9.62690607e-01 1.31674224e-01 -2.36407895e-01 -5.22406717e-01 1.45157033e-01 9.88580021e-01 -4.04842853e-02 -3.03173890e-01
-2.19672691e-01 7.52486104e-02 9.72667238e-01 1.57694594e+00 -9.65523639e-01 1.25972246e-01 -2.27804950e-01 -5.23022250e-01 1.39671083e-01 9.89175737e-01 -4.49816499e-02 -3.14680905e-01
-2.11039062e-01 7.69816563e-02 9.74441552e-01 1.60499797e+00 -9.68089120e-01 1.21375434e-01 -2.19252043e-01 -5.22826829e-01 1.35151652e-01 9.89617011e-01 -4.89101463e-02 -3.25857529e-01
-2.01614862e-01 8.10055737e-02 9.76109392e-01 1.63489033e+00 -9.70352624e-01 1.19102944e-01 -2.10309944e-01 -5.23661064e-01 1.33293780e-01 9.89571920e-01 -5.45910477e-02 -3.31434425e-01
-1.91823597e-01 8.46077990e-02 9.77775653e-01 1.66358090e+00 -9.72670524e-01 1.16417158e-01 -2.00895734e-01 -5.25252868e-01 1.30827209e-01 9.89590100e-01 -5.99639544e-02 -3.42243079e-01
-1.80554817e-01 8.73842273e-02 9.79675433e-01 1.66122672e+00 -9.74684113e-01 1.17651251e-01 -1.90129066e-01 -5.43428739e-01 1.31874322e-01 9.89202800e-01 -6.39295182e-02 -3.66780110e-01
-1.67838110e-01 8.81480404e-02 9.81865719e-01 1.69143159e+00 -9.77136789e-01 1.16986958e-01 -1.77532384e-01 -5.42674968e-01 1.30514616e-01 9.89213816e-01 -6.64978234e-02 -3.70752078e-01
-1.58227650e-01 8.94970311e-02 9.83338340e-01 1.71995334e+00 -9.78897316e-01 1.16214276e-01 -1.68090114e-01 -5.44871165e-01 1.29321520e-01 9.89183766e-01 -6.92200919e-02 -3.80477835e-01
-1.46578139e-01 9.21950786e-02 9.84893353e-01 1.69103980e+00 -9.81242739e-01 1.12474697e-01 -1.56563497e-01 -5.51767811e-01 1.25209966e-01 9.89368238e-01 -7.39794197e-02 -3.74308781e-01
-1.34121344e-01 9.48327130e-02 9.86416860e-01 1.71995616e+00 -9.83211089e-01 1.11543557e-01 -1.44409100e-01 -5.45575261e-01 1.23723152e-01 9.89224339e-01 -7.82802034e-02 -3.69051174e-01
-1.21206232e-01 9.40107406e-02 9.88165487e-01 1.74755668e+00 -9.85042427e-01 1.11439845e-01 -1.31425176e-01 -5.39928184e-01 1.22476387e-01 9.89314480e-01 -7.90973646e-02 -3.80100854e-01
-1.07937179e-01 8.99425565e-02 9.90080755e-01 1.77748044e+00 -9.86621085e-01 1.12704673e-01 -1.17798515e-01 -5.35842711e-01 1.22181827e-01 9.89549389e-01 -7.65741985e-02 -3.84892100e-01
-9.86099354e-02 8.66810903e-02 9.91343769e-01 1.80421749e+00 -9.87932431e-01 1.11040036e-01 -1.07979722e-01 -5.22080373e-01 1.19438648e-01 9.90028535e-01 -7.46854097e-02 -3.87479134e-01
-8.79972122e-02 8.40003610e-02 9.92572632e-01 1.83158624e+00 -9.89245032e-01 1.09504312e-01 -9.69694346e-02 -5.16888237e-01 1.16836451e-01 9.90430586e-01 -7.34608657e-02 -3.98278082e-01
-7.38669989e-02 8.15687908e-02 9.93926657e-01 1.80461371e+00 -9.91029541e-01 1.05300712e-01 -8.22934260e-02 -5.29806242e-01 1.11373760e-01 9.91089448e-01 -7.30588339e-02 -3.91571498e-01
-6.07653812e-02 7.74023688e-02 9.95146442e-01 1.82885203e+00 -9.91803068e-01 1.07589023e-01 -6.89294888e-02 -5.16245207e-01 1.12402140e-01 9.91177823e-01 -7.02302192e-02 -4.04459837e-01
-4.84286678e-02 7.60976758e-02 9.95923596e-01 1.85491339e+00 -9.92320688e-01 1.09953928e-01 -5.66549556e-02 -5.05229981e-01 1.13817022e-01 9.91019312e-01 -7.01883760e-02 -4.15828346e-01
-3.85565210e-02 7.46365634e-02 9.96465142e-01 1.87276388e+00 -9.93003721e-01 1.08520158e-01 -4.65508909e-02 -4.83243727e-01 1.11610953e-01 9.91288434e-01 -6.99302257e-02 -4.27044596e-01
-2.59203261e-02 7.36418716e-02 9.96947848e-01 1.90014762e+00 -9.93327590e-01 1.10211280e-01 -3.39672120e-02 -4.71908521e-01 1.12376308e-01 9.91176245e-01 -7.02937908e-02 -4.19518790e-01
-1.33395858e-02 7.25870220e-02 9.97272871e-01 1.87796610e+00 -9.93665993e-01 1.10332536e-01 -2.13219499e-02 -4.90540394e-01 1.11579342e-01 9.91240564e-01 -7.06554653e-02 -4.10597386e-01
-1.34822560e-03 7.18820349e-02 9.97412229e-01 1.90001238e+00 -9.93182836e-01 1.16161482e-01 -9.71409551e-03 -4.94225550e-01 1.16559152e-01 9.90625804e-01 -7.12353916e-02 -3.89777139e-01
8.65540283e-03 7.12290926e-02 9.97422428e-01 1.91854593e+00 -9.92718868e-01 1.20454341e-01 1.25613605e-05 -4.71880101e-01 1.20142967e-01 9.90160173e-01 -7.17530452e-02 -3.99051554e-01
1.84430006e-02 7.31175693e-02 9.97152785e-01 1.93908919e+00 -9.92891738e-01 1.18627868e-01 9.66564244e-03 -4.49672553e-01 1.17583381e-01 9.90243026e-01 -7.47856846e-02 -4.03765384e-01
2.92195817e-02 7.57015144e-02 9.96702311e-01 1.96182765e+00 -9.92520120e-01 1.20440178e-01 1.99493055e-02 -4.29467309e-01 1.18532811e-01 9.89830008e-01 -7.86544881e-02 -4.04173060e-01
3.90811186e-02 7.69746785e-02 9.96266814e-01 1.98495856e+00 -9.92538877e-01 1.18230869e-01 2.97999963e-02 -4.09830896e-01 1.15495647e-01 9.89998162e-01 -8.10209559e-02 -4.08524815e-01
4.43243639e-02 7.68692388e-02 9.96055455e-01 1.99772580e+00 -9.91796925e-01 1.23040537e-01 3.46393728e-02 -3.86694661e-01 1.19892496e-01 9.89420106e-01 -8.16923684e-02 -4.24130441e-01
5.43576318e-02 8.05344089e-02 9.95268534e-01 1.98365823e+00 -9.90895425e-01 1.27303827e-01 4.38177124e-02 -4.10036517e-01 1.23172661e-01 9.88588866e-01 -8.67211118e-02 -4.11345613e-01
6.10154831e-02 8.21029326e-02 9.94754352e-01 2.00440319e+00 -9.90646761e-01 1.26844295e-01 5.02943289e-02 -3.88710230e-01 1.22049602e-01 9.88518909e-01 -8.90744707e-02 -4.16888453e-01
6.46366716e-02 8.27873844e-02 9.94468877e-01 2.01760159e+00 -9.90414848e-01 1.27223889e-01 5.37820623e-02 -3.62440587e-01 1.22067723e-01 9.88413036e-01 -9.02171837e-02 -4.24796353e-01
7.53354462e-02 8.48869349e-02 9.93538514e-01 2.00530691e+00 -9.89677798e-01 1.28180289e-01 6.40911110e-02 -3.87950524e-01 1.21911555e-01 9.88111341e-01 -9.36672344e-02 -4.14142380e-01
8.30054150e-02 8.31238621e-02 9.93076293e-01 2.02736742e+00 -9.88929084e-01 1.29867986e-01 7.17883822e-02 -3.68392430e-01 1.23001491e-01 9.88040855e-01 -9.29833510e-02 -4.21261787e-01
9.14658628e-02 8.23029431e-02 9.92401240e-01 2.04507695e+00 -9.87225837e-01 1.38052820e-01 7.95397130e-02 -3.46723659e-01 1.30457437e-01 9.86999313e-01 -9.38787125e-02 -4.31065301e-01
1.07874753e-01 8.56516378e-02 9.90467988e-01 2.04574221e+00 -9.84815296e-01 1.45517753e-01 9.46753196e-02 -3.71703141e-01 1.36021580e-01 9.85641101e-01 -1.00048735e-01 -4.14663159e-01
1.16658315e-01 8.78909295e-02 9.89275504e-01 2.07020841e+00 -9.83528604e-01 1.48693593e-01 1.02770129e-01 -3.53192187e-01 1.38066367e-01 9.84969746e-01 -1.03789587e-01 -4.14707123e-01
1.23580958e-01 8.86700427e-02 9.88364998e-01 2.07949501e+00 -9.82465949e-01 1.51049279e-01 1.09292152e-01 -3.28647340e-01 1.39600881e-01 9.84541386e-01 -1.05782112e-01 -4.29874597e-01
1.40234431e-01 9.15338602e-02 9.85878216e-01 2.05569781e+00 -9.79940927e-01 1.55230118e-01 1.24977554e-01 -3.45116846e-01 1.41598314e-01 9.83628570e-01 -1.11466384e-01 -4.22473481e-01
1.48464667e-01 9.51243533e-02 9.84332058e-01 2.06614023e+00 -9.78229414e-01 1.60073134e-01 1.32074995e-01 -3.17828871e-01 1.45001569e-01 9.82511042e-01 -1.16818645e-01 -4.29497574e-01
1.58241839e-01 9.60463918e-02 9.82717971e-01 2.08428776e+00 -9.76895175e-01 1.60021911e-01 1.41664410e-01 -2.94476163e-01 1.43650052e-01 9.82429681e-01 -1.19149419e-01 -4.36191484e-01
1.66031898e-01 9.43355943e-02 9.81597782e-01 2.08233640e+00 -9.75614474e-01 1.60628060e-01 1.49582837e-01 -2.70633258e-01 1.43561161e-01 9.82496525e-01 -1.18704553e-01 -4.54428094e-01
1.78867711e-01 9.47819842e-02 9.79297052e-01 2.10547262e+00 -9.73810286e-01 1.59048402e-01 1.62471943e-01 -2.52578777e-01 1.40356218e-01 9.82710528e-01 -1.20748295e-01 -4.61538813e-01
1.84226305e-01 9.39147642e-02 9.78386777e-01 2.10500355e+00 -9.73029710e-01 1.58028035e-01 1.68048575e-01 -2.24594534e-01 1.38830297e-01 9.82958370e-01 -1.20494777e-01 -4.70981542e-01
1.94225319e-01 9.54727606e-02 9.76299891e-01 2.11815798e+00 -9.71525929e-01 1.56396809e-01 1.77981480e-01 -2.01651055e-01 1.35697806e-01 9.83069169e-01 -1.23130483e-01 -4.84457781e-01
2.08484778e-01 9.70595095e-02 9.73197590e-01 2.09923489e+00 -9.69658496e-01 1.50394705e-01 1.92727358e-01 -2.23954578e-01 1.27657741e-01 9.83850031e-01 -1.25469585e-01 -4.76375021e-01
2.22870287e-01 9.63698335e-02 9.70073034e-01 2.10438236e+00 -9.67179600e-01 1.46428868e-01 2.07658871e-01 -2.52188288e-01 1.22034646e-01 9.84515841e-01 -1.25841581e-01 -4.66180022e-01
2.32660002e-01 9.30148256e-02 9.68099977e-01 2.12654279e+00 -9.65416708e-01 1.42496125e-01 2.18324147e-01 -2.32352786e-01 1.17643113e-01 9.85415190e-01 -1.22951216e-01 -4.71721164e-01
2.44839187e-01 8.95683773e-02 9.65417670e-01 2.14650789e+00 -9.62368583e-01 1.43531833e-01 2.30749484e-01 -2.13095940e-01 1.17900312e-01 9.85584151e-01 -1.21340010e-01 -4.82747774e-01
2.57062756e-01 8.73142238e-02 9.62442188e-01 2.15455250e+00 -9.59140669e-01 1.44846939e-01 2.43040205e-01 -1.90822855e-01 1.18185938e-01 9.85594030e-01 -1.20981377e-01 -5.00492339e-01
2.68059576e-01 8.72252225e-02 9.59445581e-01 2.17282475e+00 -9.56603998e-01 1.42200625e-01 2.54337907e-01 -1.67314669e-01 1.14249081e-01 9.85987192e-01 -1.21558236e-01 -4.97161265e-01
2.80329537e-01 8.56942955e-02 9.56071042e-01 2.19801512e+00 -9.53158290e-01 1.42721345e-01 2.66683129e-01 -1.51620653e-01 1.13598523e-01 9.86046199e-01 -1.21689237e-01 -5.02145138e-01
2.91570180e-01 8.65412738e-02 9.52626600e-01 2.22477750e+00 -9.50253169e-01 1.40283542e-01 2.78099700e-01 -1.39441128e-01 1.09570732e-01 9.86322024e-01 -1.23138618e-01 -4.99083676e-01
2.99709955e-01 8.75226337e-02 9.50007227e-01 2.24800304e+00 -9.48521153e-01 1.34196671e-01 2.86877804e-01 -1.21190508e-01 1.02379507e-01 9.87082085e-01 -1.23237148e-01 -5.03698302e-01
3.11870596e-01 8.89901455e-02 9.45947929e-01 2.22580250e+00 -9.45233961e-01 1.29946654e-01 2.99410464e-01 -1.36474405e-01 9.62781874e-02 9.87519428e-01 -1.24643048e-01 -4.89797941e-01
3.24028707e-01 8.91795028e-02 9.41834600e-01 2.24071581e+00 -9.41390794e-01 1.29047964e-01 3.11656855e-01 -1.14591084e-01 9.37484348e-02 9.87620190e-01 -1.25768008e-01 -5.04317864e-01
3.37948086e-01 9.29258813e-02 9.36566000e-01 2.26649360e+00 -9.36536394e-01 1.31770719e-01 3.24863141e-01 -1.01788918e-01 9.32237823e-02 9.86915021e-01 -1.31560133e-01 -5.13083866e-01
3.48073524e-01 9.90973701e-02 9.32214854e-01 2.29094542e+00 -9.33561396e-01 1.27318579e-01 3.35041936e-01 -8.50323883e-02 8.54864959e-02 9.86899028e-01 -1.36829706e-01 -5.17962273e-01
3.58561162e-01 9.98518222e-02 9.28150584e-01 2.31590804e+00 -9.29788022e-01 1.26853165e-01 3.45546682e-01 -7.32827784e-02 8.32353737e-02 9.86882916e-01 -1.38325647e-01 -5.29307111e-01
3.69982809e-01 1.01371826e-01 9.23491458e-01 2.34211423e+00 -9.25539008e-01 1.26416394e-01 3.56926378e-01 -6.11103663e-02 8.05621821e-02 9.86783993e-01 -1.40595472e-01 -5.34588041e-01
3.80972159e-01 1.02576176e-01 9.18878851e-01 2.36911936e+00 -9.21449806e-01 1.23916432e-01 3.68205067e-01 -5.02441788e-02 7.60951212e-02 9.86976618e-01 -1.41727509e-01 -5.42938052e-01
3.93285423e-01 1.05095991e-01 9.13390064e-01 2.35007945e+00 -9.16898130e-01 1.18310569e-01 3.81182933e-01 -6.96257006e-02 6.80029002e-02 9.87399332e-01 -1.42892140e-01 -5.30700937e-01
4.06024154e-01 1.07657629e-01 9.07498882e-01 2.37523558e+00 -9.11818285e-01 1.14105717e-01 3.94420208e-01 -5.58487128e-02 6.10884662e-02 9.87618206e-01 -1.44493872e-01 -5.37752810e-01
4.18150617e-01 1.12319147e-01 9.01406940e-01 2.40089043e+00 -9.06649475e-01 1.12788137e-01 4.06528677e-01 -4.16072100e-02 5.60070553e-02 9.87250346e-01 -1.48996525e-01 -5.43350900e-01
4.28510071e-01 1.14990181e-01 8.96189923e-01 2.42505125e+00 -9.02002118e-01 1.12232030e-01 4.16888654e-01 -2.81791973e-02 5.26431128e-02 9.87006195e-01 -1.51813942e-01 -5.55244217e-01
4.39519411e-01 1.16542599e-01 8.90640506e-01 2.45022002e+00 -8.96929156e-01 1.10351062e-01 4.28183059e-01 -1.44060277e-02 4.83815588e-02 9.87036203e-01 -1.53031889e-01 -5.63318649e-01
4.51385893e-01 1.15438234e-01 8.84830373e-01 2.47489679e+00 -8.91099267e-01 1.10351684e-01 4.40187008e-01 -2.13805168e-04 4.68281107e-02 9.87165903e-01 -1.52678119e-01 -5.71087131e-01
4.62800870e-01 1.16526447e-01 8.78770130e-01 2.49980985e+00 -8.85283780e-01 1.11854494e-01 4.51399158e-01 1.60414064e-02 4.56944483e-02 9.86868866e-01 -1.54925331e-01 -5.75916065e-01
4.73154348e-01 1.22061894e-01 8.72482583e-01 2.52673586e+00 -8.80127184e-01 1.09047506e-01 4.62044133e-01 2.97298197e-02 3.87440677e-02 9.86513829e-01 -1.59026293e-01 -5.72764837e-01
4.82585280e-01 1.23698702e-01 8.67069824e-01 2.55320806e+00 -8.75202302e-01 1.06142311e-01 4.71969005e-01 4.11455150e-02 3.36508414e-02 9.86626799e-01 -1.59484106e-01 -5.82099420e-01
4.93445427e-01 1.24206156e-01 8.60862614e-01 2.57835005e+00 -8.69190135e-01 1.06762520e-01 4.82814946e-01 5.58476927e-02 3.19392736e-02 9.86496120e-01 -1.60640243e-01 -5.87509866e-01
5.03583796e-01 1.26286931e-01 8.54666585e-01 2.60172293e+00 -8.63449437e-01 1.07117423e-01 4.92930955e-01 7.30255045e-02 2.92989448e-02 9.86193424e-01 -1.62984978e-01 -5.91915191e-01
5.09881241e-01 1.28772605e-01 8.50552018e-01 2.61820356e+00 -8.59893006e-01 1.04568186e-01 4.99649390e-01 9.74154999e-02 2.45995285e-02 9.86145583e-01 -1.64048019e-01 -5.87910741e-01
5.17830782e-01 1.26024073e-01 8.46149640e-01 2.64250394e+00 -8.55207679e-01 1.01353644e-01 5.08278728e-01 1.14042463e-01 2.17049936e-02 9.86836042e-01 -1.60260792e-01 -5.92251134e-01
5.27230013e-01 1.27335602e-01 8.40127465e-01 2.67146031e+00 -8.49528305e-01 1.00132953e-01 5.17952750e-01 1.10106560e-01 1.81706192e-02 9.86792296e-01 -1.60968297e-01 -5.95070195e-01
5.35159367e-01 1.29724733e-01 8.34731061e-01 2.68758538e+00 -8.44644014e-01 9.79063076e-02 5.26299197e-01 1.34059042e-01 1.34514134e-02 9.86704539e-01 -1.61966697e-01 -6.01995729e-01
5.44425369e-01 1.28501099e-01 8.28908007e-01 2.70459446e+00 -8.38720049e-01 9.78081725e-02 5.35707234e-01 1.21039357e-01 1.22350090e-02 9.86874373e-01 -1.61025699e-01 -5.81733736e-01
5.51346084e-01 1.23609192e-01 8.25068641e-01 2.72605958e+00 -8.34167111e-01 9.77024733e-02 5.42788593e-01 1.41655557e-01 1.35175877e-02 9.87509490e-01 -1.56978599e-01 -5.77574815e-01
5.54488105e-01 1.22825333e-01 8.23077687e-01 2.72536243e+00 -8.32107108e-01 9.59275692e-02 5.46256040e-01 1.71503189e-01 1.18617616e-02 9.87781271e-01 -1.55394529e-01 -5.72932933e-01
5.60675223e-01 1.21343713e-01 8.19096451e-01 2.74647946e+00 -8.27949585e-01 9.64298227e-02 5.52449794e-01 1.93160657e-01 1.19490163e-02 9.87915479e-01 -1.54532290e-01 -5.73222500e-01
5.62397266e-01 1.23900359e-01 8.17531660e-01 2.74924374e+00 -8.26839510e-01 9.23552581e-02 5.54803506e-01 2.23210969e-01 6.76299417e-03 9.87987454e-01 -1.54386057e-01 -5.70917596e-01
5.67687178e-01 1.24036125e-01 8.13846612e-01 2.76895793e+00 -8.23237984e-01 8.94203205e-02 5.60609692e-01 2.42931774e-01 3.23857098e-03 9.88240378e-01 -1.52874020e-01 -5.79678290e-01
5.74432162e-01 1.22879482e-01 8.09276420e-01 2.79091941e+00 -8.18541800e-01 9.12132948e-02 5.67159109e-01 2.62151796e-01 4.12455094e-03 9.88221011e-01 -1.52977843e-01 -5.85412886e-01
5.83062752e-01 1.22698547e-01 8.03108270e-01 2.81823986e+00 -8.12406334e-01 9.51273228e-02 5.75279705e-01 2.70083276e-01 5.81155587e-03 9.87874415e-01 -1.55146276e-01 -5.76513361e-01
5.86719656e-01 1.25312920e-01 8.00035447e-01 2.82425947e+00 -8.09781868e-01 9.52535787e-02 5.78947391e-01 2.98127438e-01 3.65665139e-03 9.87534014e-01 -1.57363278e-01 -5.85726376e-01
5.90007708e-01 1.24784140e-01 7.97696573e-01 2.82457913e+00 -8.07395888e-01 9.32272731e-02 5.82598107e-01 3.26741750e-01 1.66807229e-03 9.87794307e-01 -1.55755012e-01 -5.94974901e-01
5.94556781e-01 1.17790651e-01 7.95378901e-01 2.83162127e+00 -8.04017255e-01 9.65049813e-02 5.86722286e-01 3.50556862e-01 7.64762611e-03 9.88338075e-01 -1.52083407e-01 -6.11786469e-01
