-9.89076904e-01 1.46816947e-01 1.31019666e-02 0.00000000e+00 5.90493177e-02 3.13217925e-01 9.47843716e-01 0.00000000e+00 -1.35055750e-01 -9.38263990e-01 3.18466057e-01 0.00000000e+00
-9.88895071e-01 1.48016602e-01 1.33275368e-02 -5.17995891e-03 5.96441269e-02 3.13137184e-01 9.47833151e-01 -1.79070471e-02 -1.36121695e-01 -9.38102440e-01 3.18488140e-01 -1.29786201e-02
-9.88407626e-01 1.51299353e-01 1.26043682e-02 -2.88676683e-03 6.00734488e-02 3.13498117e-01 9.47686716e-01 4.18688182e-03 -1.39432942e-01 -9.37457965e-01 3.18953004e-01 -8.17607692e-03
-9.88586781e-01 1.50298809e-01 1.03172124e-02 1.13227856e-03 5.73195174e-02 3.11916582e-01 9.48378890e-01 2.22266391e-02 -1.39322108e-01 -9.38146211e-01 3.16971666e-01 4.67640693e-03
-9.88424921e-01 1.51430340e-01 9.22099025e-03 3.77894677e-03 5.63610548e-02 3.10094000e-01 9.49033795e-01 4.26874248e-02 -1.40853136e-01 -9.38568359e-01 3.15039412e-01 1.36697573e-02
-9.88556281e-01 1.50624037e-01 8.29932544e-03 1.23811954e-03 5.48478101e-02 3.07629638e-01 9.49924062e-01 2.81519090e-02 -1.40528279e-01 -9.39508597e-01 3.12370611e-01 -3.44778804e-03
-9.88382767e-01 1.51533964e-01 1.17031325e-02 -2.34509262e-03 5.80106900e-02 3.04960060e-01 9.50596719e-01 4.87735259e-02 -1.40478701e-01 -9.40232322e-01 3.10207859e-01 5.33263387e-03
-9.88448982e-01 1.50898662e-01 1.40784331e-02 -2.45556877e-02 6.03200847e-02 3.06492985e-01 9.49959756e-01 5.10220578e-02 -1.39032715e-01 -9.39835966e-01 3.12054900e-01 3.58061281e-03
-9.89321044e-01 1.45310804e-01 1.13420095e-02 -2.54594570e-02 5.65250036e-02 3.10782752e-01 9.48798718e-01 3.05786214e-02 -1.34345803e-01 -9.39307644e-01 3.15677611e-01 -5.69279388e-03
-9.88968341e-01 1.47661149e-01 1.17390591e-02 -1.83914277e-02 5.79167062e-02 3.12522843e-01 9.48142989e-01 4.93671750e-02 -1.36335159e-01 -9.38363286e-01 3.17627246e-01 -1.65785612e-02
-9.88631233e-01 1.49708364e-01 1.39889609e-02 -1.97504005e-02 6.03270237e-02 3.09714563e-01 9.48913874e-01 7.17980930e-02 -1.37727759e-01 -9.38969805e-01 3.15224951e-01 -1.39277874e-02
-9.88700562e-01 1.49605198e-01 9.45947776e-03 -1.34851514e-02 5.60526450e-02 3.10435747e-01 9.48940329e-01 9.28352947e-02 -1.39029846e-01 -9.38748065e-01 3.15313766e-01 -1.08363746e-02
-9.88791684e-01 1.49287546e-01 2.05756251e-03 8.11397137e-03 4.92783573e-02 3.13319523e-01 9.48368347e-01 9.86301572e-02 -1.40934909e-01 -9.37840127e-01 3.17164385e-01 -1.67311510e-02
-9.89238462e-01 1.46309276e-01 9.27917885e-04 2.41731867e-02 4.64212970e-02 3.07840546e-01 9.50304826e-01 9.83680056e-02 -1.38752761e-01 -9.40121158e-01 3.11319576e-01 -2.16364342e-04
-9.88730436e-01 1.49701063e-01 1.31011885e-03 2.47676655e-02 4.73706852e-02 3.04543570e-01 9.51319732e-01 1.18797974e-01 -1.42014587e-01 -9.40660834e-01 3.08202939e-01 1.13555537e-02
-9.88656872e-01 1.50190841e-01 -5.47399687e-04 2.30728253e-02 4.58555796e-02 3.05318821e-01 9.51145458e-01 9.61188007e-02 -1.43020468e-01 -9.40331392e-01 3.08742640e-01 5.69663466e-03
-9.89616725e-01 1.43724896e-01 -1.37540619e-03 2.47256909e-02 4.33070003e-02 3.07287299e-01 9.50630853e-01 1.14984617e-01 -1.37051966e-01 -9.40700627e-01 3.10320945e-01 1.86026771e-02
-9.90941306e-01 1.34281375e-01 -1.95974698e-03 2.73959840e-02 4.07525261e-02 3.14577508e-01 9.48356591e-01 1.27930080e-01 -1.27963119e-01 -9.39685854e-01 3.17200153e-01 -3.83350898e-04
-9.91987427e-01 1.26255314e-01 -4.53211550e-03 2.81346253e-02 3.62138205e-02 3.18533625e-01 9.47219557e-01 1.50207749e-01 -1.21035134e-01 -9.39465765e-01 3.20553539e-01 6.23384886e-03
-9.92028787e-01 1.25841568e-01 -6.54105643e-03 2.97109765e-02 3.50526317e-02 3.25440528e-01 9.44912576e-01 1.70121274e-01 -1.21038005e-01 -9.37151195e-01 3.27257451e-01 1.80724533e-02
-9.91963766e-01 1.26046633e-01 -1.09604887e-02 3.09312966e-02 3.15396031e-02 3.30242299e-01 9.43369110e-01 1.91075700e-01 -1.22528117e-01 -9.35442285e-01 3.31563856e-01 2.78891250e-02
-9.92052914e-01 1.24988156e-01 -1.44559902e-02 2.86720985e-02 2.78359705e-02 3.30068506e-01 9.43546470e-01 2.11700446e-01 -1.22703601e-01 -9.35645628e-01 3.30924591e-01 3.69346262e-02
-9.91966785e-01 1.24994006e-01 -1.94524047e-02 1.02973261e-02 2.29761818e-02 3.29247623e-01 9.43964035e-01 2.20683489e-01 -1.24394505e-01 -9.35934026e-01 3.29474592e-01 2.70275560e-02
-9.92103919e-01 1.22316975e-01 -2.77195141e-02 9.08262498e-03 1.45054462e-02 3.31438374e-01 9.43365357e-01 2.00435355e-01 -1.24576907e-01 -9.35514383e-01 3.30595573e-01 1.64935421e-02
-9.92028694e-01 1.22569962e-01 -2.92519195e-02 7.34143146e-03 1.34154334e-02 3.33544163e-01 9.42639018e-01 1.80334135e-01 -1.25296036e-01 -9.34732526e-01 3.32529711e-01 6.22430539e-03
-9.92039942e-01 1.21071357e-01 -3.46190716e-02 7.89451307e-03 8.23255333e-03 3.36690874e-01 9.41579248e-01 2.01222715e-01 -1.25654203e-01 -9.33799219e-01 3.35007522e-01 1.62264811e-02
-9.92228634e-01 1.16617830e-01 -4.33891453e-02 5.25016749e-03 -1.07021128e-03 3.40697332e-01 9.40172422e-01 1.79582872e-01 -1.24423434e-01 -9.32912434e-01 3.37924844e-01 8.72906341e-03
-9.92434933e-01 1.11576202e-01 -5.12216146e-02 2.46716761e-02 -9.84238349e-03 3.43560807e-01 9.39078857e-01 1.66854588e-01 -1.22376592e-01 -9.32478805e-01 3.39863572e-01 6.17456501e-03
-9.92461633e-01 1.11142352e-01 -5.16457561e-02 3.65293460e-03 -1.00318565e-02 3.46319313e-01 9.38063056e-01 1.70077607e-01 -1.22144457e-01 -9.31509694e-01 3.42593668e-01 1.48140221e-02
-9.91998444e-01 1.09804100e-01 -6.23068672e-02 2.46061458e-03 -2.01879359e-02 3.49207476e-01 9.36827939e-01 1.47754762e-01 -1.24625573e-01 -9.30589704e-01 3.44196556e-01 8.90963081e-03
-9.91693987e-01 1.10121428e-01 -6.64553026e-02 1.12245881e-02 -2.47176820e-02 3.43879082e-01 9.38688561e-01 1.69380682e-01 -1.26222314e-01 -9.32534422e-01 3.38300872e-01 4.50407361e-03
-9.90295813e-01 1.17033811e-01 -7.49485773e-02 2.06890459e-02 -3.37368448e-02 3.20718329e-01 9.46573600e-01 1.59760015e-01 -1.34818499e-01 -9.39916400e-01 3.13657667e-01 2.38878422e-02
-9.89493195e-01 1.23838007e-01 -7.46147694e-02 1.60427360e-02 -3.05159441e-02 3.25567267e-01 9.45026313e-01 1.45871758e-01 -1.41322301e-01 -9.37374046e-01 3.18367562e-01 4.25518027e-02
-9.87303292e-01 1.35480543e-01 -8.29290693e-02 2.04051767e-02 -3.13712374e-02 3.45483391e-01 9.37900353e-01 1.66184144e-01 -1.55717865e-01 -9.28593694e-01 3.36846698e-01 3.06965468e-02
-9.85789233e-01 1.40434973e-01 -9.21824673e-02 3.18740677e-02 -3.63519122e-02 3.57410939e-01 9.33239497e-01 1.80988259e-01 -1.64006487e-01 -9.23328456e-01 3.47226777e-01 1.67829949e-02
-9.85106669e-01 1.41755045e-01 -9.73157661e-02 4.54156803e-02 -4.10933754e-02 3.55474884e-01 9.33782064e-01 1.80748614e-01 -1.66961629e-01 -9.23873971e-01 3.44355486e-01 3.51233775e-02
-9.83998434e-01 1.45990331e-01 -1.02146487e-01 4.21619634e-02 -4.40043705e-02 3.56409676e-01 9.33292965e-01 2.01722038e-01 -1.72657746e-01 -9.22853707e-01 3.44282351e-01 4.31953765e-02
-9.82599916e-01 1.51125358e-01 -1.07974677e-01 4.55165605e-02 -4.68633616e-02 3.60803504e-01 9.31463718e-01 1.79769647e-01 -1.79725430e-01 -9.20316227e-01 3.47443251e-01 4.05499593e-02
-9.82132335e-01 1.49134463e-01 -1.14782354e-01 3.22303653e-02 -5.36371714e-02 3.62798851e-01 9.30322550e-01 1.97928932e-01 -1.80386060e-01 -9.19856459e-01 3.48317332e-01 4.39029767e-02
-9.80646989e-01 1.52505118e-01 -1.22774876e-01 4.18676106e-02 -6.02192093e-02 3.61742101e-01 9.30331284e-01 2.17547091e-01 -1.86293125e-01 -9.19719979e-01 3.45557566e-01 3.65975091e-02
-9.79399475e-01 1.54882874e-01 -1.29568374e-01 4.05939260e-02 -6.62652165e-02 3.59599256e-01 9.30750931e-01 1.96943990e-01 -1.90750071e-01 -9.20162850e-01 3.41927976e-01 2.66272658e-02
-9.77647185e-01 1.52860644e-01 -1.44359292e-01 5.66900317e-02 -7.95542852e-02 3.66610320e-01 9.26967091e-01 2.01276837e-01 -1.94620393e-01 -9.17731168e-01 3.46254829e-01 1.09666516e-02
-9.76293661e-01 1.49378832e-01 -1.56641800e-01 5.89566850e-02 -9.20844135e-02 3.68286900e-01 9.25140649e-01 1.80608630e-01 -1.95885553e-01 -9.17633218e-01 3.45800705e-01 2.31897763e-03
-9.74954477e-01 1.45507699e-01 -1.68200111e-01 6.04162868e-02 -1.04906842e-01 3.65983784e-01 9.24689367e-01 2.01360902e-01 -1.96107935e-01 -9.19175379e-01 3.41552776e-01 1.16017032e-02
-9.71293704e-01 1.51072870e-01 -1.83753987e-01 8.26650365e-02 -1.17368310e-01 3.67548265e-01 9.22568671e-01 2.03380974e-01 -2.06913556e-01 -9.17652036e-01 3.39266149e-01 1.71145808e-02
-9.68250182e-01 1.50477759e-01 -1.99619710e-01 8.12752183e-02 -1.31813097e-01 3.71178209e-01 9.19158335e-01 1.82256777e-01 -2.12407373e-01 -9.16287718e-01 3.39558429e-01 9.45656625e-03
-9.65167441e-01 1.49220403e-01 -2.14907146e-01 8.27631265e-02 -1.47001660e-01 3.70201585e-01 9.17246586e-01 2.03165226e-01 -2.16430872e-01 -9.16888247e-01 3.35370871e-01 1.87112530e-02
-9.62054194e-01 1.50600845e-01 -2.27532661e-01 6.92457223e-02 -1.59036490e-01 3.68104636e-01 9.16082077e-01 1.84732277e-01 -2.21718563e-01 -9.17506600e-01 3.30185580e-01 1.88518080e-02
-9.57415687e-01 1.52826633e-01 -2.44947386e-01 7.84455180e-02 -1.74206052e-01 3.70768699e-01 9.12240551e-01 1.99852403e-01 -2.30233477e-01 -9.16064730e-01 3.28356445e-01 5.11598589e-03
-9.51441130e-01 1.52593718e-01 -2.67347963e-01 9.98107622e-02 -1.96034335e-01 3.69263758e-01 9.08413351e-01 1.95813480e-01 -2.37340085e-01 -9.16711205e-01 3.21419120e-01 1.10094919e-02
-9.46736456e-01 1.52186818e-01 -2.83776769e-01 1.01206445e-01 -2.11609047e-01 3.70225684e-01 9.04518963e-01 1.75843233e-01 -2.42717311e-01 -9.16390809e-01 3.18302046e-01 -1.47873081e-04
-9.41845584e-01 1.51960558e-01 -2.99724681e-01 9.27008392e-02 -2.26279568e-01 3.72620897e-01 8.99972902e-01 1.66881989e-01 -2.48444065e-01 -9.15457074e-01 3.16565777e-01 -1.96051302e-02
-9.35800121e-01 1.51205382e-01 -3.18457323e-01 9.36762962e-02 -2.44886756e-01 3.70998945e-01 8.95762390e-01 1.86822855e-01 -2.53591426e-01 -9.16240533e-01 3.10152663e-01 -7.65639108e-03
-9.30842526e-01 1.52528302e-01 -3.32065219e-01 9.89194147e-02 -2.58303553e-01 3.68136236e-01 8.93171309e-01 1.65550338e-01 -2.58479143e-01 -9.17175462e-01 3.03278262e-01 -1.39887396e-02
-9.24293277e-01 1.55806766e-01 -3.48433909e-01 9.70795503e-02 -2.72191629e-01 3.70888804e-01 8.87892569e-01 1.83804267e-01 -2.67569906e-01 -9.15513925e-01 3.00400732e-01 -2.70613808e-05
-9.16384195e-01 1.53316151e-01 -3.69775829e-01 1.18930570e-01 -2.92866413e-01 3.72950788e-01 8.80418636e-01 1.92752904e-01 -2.72890584e-01 -9.15096644e-01 2.96865057e-01 7.30436954e-04
-9.11319108e-01 1.53908050e-01 -3.81850488e-01 1.17075789e-01 -3.04975318e-01 3.70686245e-01 8.77258094e-01 2.10522455e-01 -2.76563807e-01 -9.15917037e-01 2.90875302e-01 1.45166160e-02
-9.05661866e-01 1.53917846e-01 -3.95077058e-01 9.96357700e-02 -3.17805196e-01 3.70379598e-01 8.72822325e-01 1.95041789e-01 -2.80671415e-01 -9.16039437e-01 2.86522787e-01 1.35108251e-02
-8.96403142e-01 1.56740266e-01 -4.14600886e-01 1.10251308e-01 -3.38241219e-01 3.62611633e-01 8.68392585e-01 1.90492099e-01 -2.86451189e-01 -9.18664951e-01 2.72030190e-01 3.36274428e-02
-8.86452918e-01 1.60758991e-01 -4.34002040e-01 1.32417354e-01 -3.54473307e-01 3.67099324e-01 8.59992303e-01 1.95036266e-01 -2.97573351e-01 -9.16184824e-01 2.68431497e-01 2.69485886e-02
-8.80519811e-01 1.60973832e-01 -4.45838858e-01 1.35857045e-01 -3.66107038e-01 3.66477298e-01 8.55371281e-01 1.72886084e-01 -3.01082213e-01 -9.16396102e-01 2.63756869e-01 2.31029227e-02
-8.74087983e-01 1.59951974e-01 -4.58678060e-01 1.36441885e-01 -3.78585659e-01 3.67328131e-01 8.49554556e-01 1.53382400e-01 -3.04373283e-01 -9.16234364e-01 2.60521583e-01 1.31135232e-02
-8.67799961e-01 1.62037843e-01 -4.69752025e-01 1.30466748e-01 -3.87538933e-01 3.71007917e-01 8.43899699e-01 1.31239539e-01 -3.11025408e-01 -9.14383324e-01 2.59164683e-01 1.46712244e-02
-8.62169669e-01 1.60809921e-01 -4.80420265e-01 1.31837117e-01 -3.98123059e-01 3.71386139e-01 8.38791015e-01 1.52680361e-01 -3.13307344e-01 -9.14446557e-01 2.56175728e-01 2.17863336e-02
-8.56194909e-01 1.61648120e-01 -4.90713930e-01 1.46765127e-01 -4.08500550e-01 3.69701869e-01 8.34534499e-01 1.36933161e-01 -3.16318791e-01 -9.14981100e-01 2.50503513e-01 1.78167078e-02
-8.50985363e-01 1.62720205e-01 -4.99345618e-01 1.58850171e-01 -4.16297134e-01 3.70667507e-01 8.30242312e-01 1.18749252e-01 -3.20188395e-01 -9.14400204e-01 2.47692669e-01 2.43528341e-02
-8.45857649e-01 1.61984339e-01 -5.08218369e-01 1.68947946e-01 -4.24848570e-01 3.71521371e-01 8.25515333e-01 9.90888610e-02 -3.22534541e-01 -9.14184306e-01 2.45435379e-01 2.29117655e-02
-8.40716595e-01 1.60584724e-01 -5.17115223e-01 1.60587597e-01 -4.34229818e-01 3.70582994e-01 8.21043672e-01 1.18246866e-01 -3.23481180e-01 -9.14811888e-01 2.41824598e-01 2.92044981e-02
-8.35121176e-01 1.63932100e-01 -5.25070365e-01 1.40032208e-01 -4.41174561e-01 3.70515019e-01 8.17363828e-01 1.24484313e-01 -3.28538626e-01 -9.14245529e-01 2.37102267e-01 3.18091931e-02
-8.32687779e-01 1.64403601e-01 -5.28774544e-01 1.55209950e-01 -4.45078038e-01 3.69416007e-01 8.15743437e-01 1.09401263e-01 -3.29448940e-01 -9.14605526e-01 2.34435763e-01 2.79020038e-02
-8.31070939e-01 1.61216526e-01 -5.32287821e-01 1.45431651e-01 -4.49859642e-01 3.67901935e-01 8.13802476e-01 1.11151007e-01 -3.27028128e-01 -9.15782397e-01 2.33227799e-01 9.09323143e-03
-8.29385983e-01 1.60265957e-01 -5.35195024e-01 1.59490026e-01 -4.53359530e-01 3.66734069e-01 8.12386152e-01 9.69842643e-02 -3.26472094e-01 -9.16417452e-01 2.31505998e-01 1.81193769e-02
-8.28082693e-01 1.60033215e-01 -5.37278720e-01 1.44893063e-01 -4.54681020e-01 3.68908376e-01 8.10661323e-01 1.12405716e-01 -3.27939358e-01 -9.15585048e-01 2.32722576e-01 1.97461948e-02
-8.26709931e-01 1.55671151e-01 -5.40663649e-01 1.56399818e-01 -4.58482778e-01 3.70583718e-01 8.07750735e-01 9.38579390e-02 -3.26104633e-01 -9.15660526e-01 2.34992699e-01 1.76455364e-02
-8.25836251e-01 1.55907989e-01 -5.41929132e-01 1.74035090e-01 -4.59840596e-01 3.70077431e-01 8.07210828e-01 8.13890171e-02 -3.26406358e-01 -9.15824979e-01 2.33930536e-01 1.26339277e-02
-8.27043727e-01 1.58064051e-01 -5.39457532e-01 1.90962047e-01 -4.56967144e-01 3.69849191e-01 8.08945366e-01 6.87772780e-02 -3.27383114e-01 -9.15547558e-01 2.33651376e-01 1.18494913e-02
-8.27444417e-01 1.62857546e-01 -5.37413395e-01 2.02071434e-01 -4.52976237e-01 3.72044327e-01 8.10182416e-01 5.23891379e-02 -3.31885926e-01 -9.13816414e-01 2.34075404e-01 1.87160086e-02
-8.29213568e-01 1.61826720e-01 -5.34992497e-01 2.20785375e-01 -4.51018837e-01 3.71620975e-01 8.11467720e-01 4.56211299e-02 -3.30131594e-01 -9.14171736e-01 2.35166256e-01 2.78564230e-02
-8.33486265e-01 1.60692347e-01 -5.28657370e-01 2.10450396e-01 -4.45337569e-01 3.70985099e-01 8.14889260e-01 6.25096785e-02 -3.27070475e-01 -9.14629994e-01 2.37648646e-01 1.88730905e-02
-8.37753309e-01 1.60548428e-01 -5.21913399e-01 2.27398199e-01 -4.39073845e-01 3.70166945e-01 8.18651691e-01 4.93151513e-02 -3.24628332e-01 -9.14986685e-01 2.39615968e-01 1.33766230e-02
-8.43870269e-01 1.58632780e-01 -5.12560836e-01 2.13004184e-01 -4.29931798e-01 3.71607579e-01 8.22840481e-01 6.62693043e-02 -3.21000965e-01 -9.14736818e-01 2.45387312e-01 1.04814920e-02
-8.49419457e-01 1.53183509e-01 -5.04996434e-01 2.31049166e-01 -4.24317560e-01 3.70694322e-01 8.26159990e-01 7.93590444e-02 -3.13753398e-01 -9.16035223e-01 2.49876518e-01 1.21872239e-02
-8.51469775e-01 1.54430816e-01 -5.01149025e-01 2.45330447e-01 -4.21371218e-01 3.67392200e-01 8.29137666e-01 9.03324092e-02 -3.12162650e-01 -9.17155436e-01 2.47750653e-01 2.57826191e-02
-8.57662408e-01 1.52310792e-01 -4.91138083e-01 2.51660157e-01 -4.13315148e-01 3.64033838e-01 8.34655590e-01 1.11786946e-01 -3.05917936e-01 -9.18847532e-01 2.49265781e-01 2.20420501e-02
-8.64918795e-01 1.54358642e-01 -4.77586523e-01 2.39655749e-01 -3.99401266e-01 3.64590396e-01 8.41161383e-01 1.29940087e-01 -3.03963989e-01 -9.18284951e-01 2.53690050e-01 2.98450014e-02
-8.71044172e-01 1.48918941e-01 -4.68086743e-01 2.47785122e-01 -3.90865672e-01 3.67016686e-01 8.44110644e-01 1.50691990e-01 -2.97499708e-01 -9.18216695e-01 2.61480444e-01 2.27705874e-02
-8.77093385e-01 1.49239100e-01 -4.56546695e-01 2.30390031e-01 -3.79122219e-01 3.68500110e-01 8.48807406e-01 1.64772490e-01 -2.94912761e-01 -9.17570356e-01 2.66629151e-01 2.34380757e-02
-8.82658178e-01 1.50629367e-01 -4.45225038e-01 2.13466144e-01 -3.67683696e-01 3.68786252e-01 8.53701002e-01 1.79858788e-01 -2.92785315e-01 -9.17228158e-01 2.70128239e-01 2.59799645e-02
-8.88993180e-01 1.51340415e-01 -4.32188853e-01 2.02762860e-01 -3.54176900e-01 3.70999042e-01 8.58439534e-01 1.99046226e-01 -2.90258247e-01 -9.16218199e-01 2.76214340e-01 3.15392201e-02
-8.91082269e-01 1.56872850e-01 -4.25867701e-01 2.12802742e-01 -3.48028617e-01 3.66069655e-01 8.63057987e-01 2.00701315e-01 -2.91287609e-01 -9.17269816e-01 2.71601939e-01 5.21056507e-02
-8.97086519e-01 1.57771772e-01 -4.12727324e-01 1.98931322e-01 -3.35073638e-01 3.65984850e-01 8.68205475e-01 2.18735214e-01 -2.88030265e-01 -9.17149473e-01 2.75454915e-01 4.99079121e-02
-9.01877593e-01 1.59822991e-01 -4.01339530e-01 1.89718043e-01 -3.23859574e-01 3.64686715e-01 8.72994030e-01 2.39406983e-01 -2.85887713e-01 -9.17311403e-01 2.77142572e-01 5.41894291e-02
-9.06989036e-01 1.62146997e-01 -3.88689129e-01 1.79519189e-01 -3.10034658e-01 3.67577916e-01 8.76792443e-01 2.56821034e-01 -2.85042802e-01 -9.15748233e-01 2.83117952e-01 4.35533970e-02
-9.09416038e-01 1.55499080e-01 -3.85723352e-01 1.96708770e-01 -3.07492494e-01 3.73066225e-01 8.75368470e-01 2.69927664e-01 -2.80019347e-01 -9.14681162e-01 2.91457609e-01 3.68660968e-02
-9.14040612e-01 1.55944792e-01 -3.74447569e-01 1.96345360e-01 -2.95871126e-01 3.75159048e-01 8.78473657e-01 2.91822043e-01 -2.77470785e-01 -9.13748822e-01 2.96771045e-01 4.16887307e-02
-9.18957125e-01 1.55525967e-01 -3.62394088e-01 1.95569838e-01 -2.85645266e-01 3.71061684e-01 8.83583618e-01 3.11966730e-01 -2.71890758e-01 -9.15491617e-01 2.96564523e-01 5.17285159e-02
-9.24698533e-01 1.57689771e-01 -3.46506216e-01 1.81472631e-01 -2.70439458e-01 3.68521106e-01 8.89412556e-01 3.26639601e-01 -2.67946117e-01 -9.16147439e-01 2.98125391e-01 6.16190764e-02
-9.29491045e-01 1.59683233e-01 -3.32487085e-01 1.67463006e-01 -2.55831080e-01 3.70245311e-01 8.93011125e-01 3.44313938e-01 -2.65700688e-01 -9.15106373e-01 3.03287768e-01 6.09822755e-02
-9.35132780e-01 1.57104899e-01 -3.17560600e-01 1.69561514e-01 -2.42897624e-01 3.68233079e-01 8.97443671e-01 3.66194771e-01 -2.57929115e-01 -9.16363710e-01 3.06186417e-01 6.72189261e-02
-9.39653451e-01 1.56948919e-01 -3.04003994e-01 1.70568466e-01 -2.30461957e-01 3.66358522e-01 9.01481403e-01 3.88152677e-01 -2.52860986e-01 -9.17141467e-01 3.08079295e-01 7.48748326e-02
-9.42063010e-01 1.53171993e-01 -2.98421892e-01 1.90886508e-01 -2.26654256e-01 3.65159167e-01 9.02932241e-01 3.98229379e-01 -2.47275421e-01 -9.18257656e-01 3.09285860e-01 7.81507637e-02
-9.46467897e-01 1.52330625e-01 -2.84594272e-01 1.87389471e-01 -2.14493817e-01 3.62070603e-01 9.07136859e-01 4.20359605e-01 -2.41227945e-01 -9.19619626e-01 3.10014226e-01 8.17819114e-02
-9.50122598e-01 1.51069449e-01 -2.72846239e-01 1.87660373e-01 -2.03475295e-01 3.62748974e-01 9.09401444e-01 4.41610166e-01 -2.36357469e-01 -9.19560331e-01 3.13917098e-01 9.07576276e-02
-9.54321947e-01 1.47859491e-01 -2.59628951e-01 1.81638005e-01 -1.92057624e-01 3.62071904e-01 9.12150100e-01 4.59828101e-01 -2.28874399e-01 -9.20348579e-01 3.17135623e-01 1.02566515e-01
-9.58726971e-01 1.45844252e-01 -2.44073860e-01 1.85614033e-01 -1.78720688e-01 3.58525587e-01 9.16252323e-01 4.81114344e-01 -2.21136859e-01 -9.22056862e-01 3.17662766e-01 1.10805619e-01
-9.62331115e-01 1.47212314e-01 -2.28576814e-01 1.83216157e-01 -1.64019767e-01 3.56156899e-01 9.19918355e-01 5.03196363e-01 -2.16832519e-01 -9.22757171e-01 3.18595137e-01 1.17187527e-01
-9.65347161e-01 1.48546200e-01 -2.14566736e-01 1.86923148e-01 -1.49890140e-01 3.57446767e-01 9.21826857e-01 5.19543033e-01 -2.13630063e-01 -9.22044378e-01 3.22794612e-01 1.32204400e-01
-9.69021899e-01 1.45788791e-01 -1.99354426e-01 1.79215761e-01 -1.36275781e-01 3.57559382e-01 9.23894041e-01 5.38204692e-01 -2.05974441e-01 -9.22440738e-01 3.26615390e-01 1.44326169e-01
-9.71782945e-01 1.47751826e-01 -1.83867630e-01 1.81773166e-01 -1.20959003e-01 3.57055780e-01 9.26218166e-01 5.58415664e-01 -2.02501426e-01 -9.22323461e-01 3.29108805e-01 1.56114101e-01
-9.74327078e-01 1.50571213e-01 -1.67376982e-01 1.81359217e-01 -1.03728783e-01 3.59606382e-01 9.27320651e-01 5.79142332e-01 -1.99817627e-01 -9.20875431e-01 3.34755668e-01 1.67306256e-01
-9.76849976e-01 1.50997263e-01 -1.51538614e-01 1.80838188e-01 -8.79499931e-02 3.62265929e-01 9.27916050e-01 6.00228233e-01 -1.95010061e-01 -9.19762590e-01 3.40599256e-01 1.77334204e-01
-9.79702144e-01 1.50471389e-01 -1.32446477e-01 1.77618485e-01 -7.11203989e-02 3.56824201e-01 9.31460348e-01 5.96772114e-01 -1.87418241e-01 -9.21973345e-01 3.38879850e-01 2.00610731e-01
-9.82032646e-01 1.50584802e-01 -1.13736981e-01 1.75005037e-01 -5.37687125e-02 3.54445962e-01 9.33529317e-01 6.16067954e-01 -1.80888941e-01 -9.22871756e-01 3.39980756e-01 2.13350805e-01
-9.83799022e-01 1.49339530e-01 -9.91826052e-02 1.75564370e-01 -3.98758174e-02 3.57098507e-01 9.33215182e-01 6.38425356e-01 -1.74783877e-01 -9.22051170e-01 3.45358127e-01 2.20251734e-01
-9.85776821e-01 1.45856803e-01 -8.34856412e-02 1.73953356e-01 -2.52089026e-02 3.62810341e-01 9.31521963e-01 6.60402341e-01 -1.66158269e-01 -9.20377340e-01 3.53973136e-01 2.27354228e-01
-9.87906694e-01 1.38619579e-01 -6.94620388e-02 1.72661328e-01 -1.43036683e-02 3.64609327e-01 9.31050720e-01 6.82136551e-01 -1.54388366e-01 -9.20784801e-01 3.58217227e-01 2.36364973e-01
-9.88680907e-01 1.39917120e-01 -5.41596190e-02 1.71823556e-01 2.89212536e-04 3.62760052e-01 9.31882536e-01 7.03233702e-01 -1.50033268e-01 -9.21318806e-01 3.58694404e-01 2.46830708e-01
-9.89007476e-01 1.42341790e-01 -4.00378131e-02 1.71880052e-01 1.46530366e-02 3.63785506e-01 9.31367487e-01 7.24413113e-01 -1.47137691e-01 -9.20542731e-01 3.61872325e-01 2.56991674e-01
-9.89622910e-01 1.40814160e-01 -2.85983995e-02 1.71795554e-01 2.52390855e-02 3.66286053e-01 9.30159941e-01 7.45920988e-01 -1.41454886e-01 -9.19785790e-01 3.66039091e-01 2.67060536e-01
-9.90287567e-01 1.37892597e-01 -1.77810533e-02 1.74318326e-01 3.49059052e-02 3.70373299e-01 9.28226910e-01 7.65991264e-01 -1.34581247e-01 -9.18590905e-01 3.71589339e-01 2.79479892e-01
-9.91483854e-01 1.30040561e-01 -7.01559973e-03 1.71027095e-01 4.23504080e-02 3.72903098e-01 9.26903297e-01 7.87909229e-01 -1.23151164e-01 -9.18712540e-01 3.75234672e-01 2.87338434e-01
-9.92087955e-01 1.25482261e-01 3.96123109e-03 1.69614083e-01 5.09670297e-02 3.73719113e-01 9.26140587e-01 8.09047928e-01 -1.14733827e-01 -9.19014812e-01 3.77157690e-01 2.97964602e-01
-9.92449587e-01 1.21544043e-01 1.64579149e-02 1.65875212e-01 6.08744699e-02 3.71622147e-01 9.26386140e-01 8.25934305e-01 -1.06480591e-01 -9.20393408e-01 3.76215176e-01 3.13786669e-01
-9.92432350e-01 1.19252810e-01 2.92711128e-02 1.66941358e-01 7.21133770e-02 3.73091655e-01 9.24987718e-01 8.48856881e-01 -9.93865768e-02 -9.20098572e-01 3.78867952e-01 3.18592252e-01
-9.92815581e-01 1.12333902e-01 4.12106290e-02 1.65906594e-01 8.06437940e-02 3.73753087e-01 9.24015806e-01 8.68593612e-01 -8.83957011e-02 -9.20700670e-01 3.80126921e-01 3.31537705e-01
-9.92367238e-01 1.11222213e-01 5.32623983e-02 1.69009983e-01 9.12965722e-02 3.72277155e-01 9.23620407e-01 8.88776848e-01 -8.28987320e-02 -9.21433306e-01 3.79589860e-01 3.43377724e-01
-9.91897096e-01 1.08549349e-01 6.60090033e-02 1.67435617e-01 1.02006372e-01 3.70766202e-01 9.23107320e-01 9.10280931e-01 -7.57287911e-02 -9.22360809e-01 3.78834645e-01 3.52350029e-01
-9.90908936e-01 1.07522800e-01 8.08599300e-02 1.64595771e-01 1.15285293e-01 3.68841732e-01 9.22315064e-01 9.32349887e-01 -6.93453817e-02 -9.23252199e-01 3.77884366e-01 3.58971855e-01
-9.89773787e-01 1.06869533e-01 9.44814876e-02 1.62534931e-01 1.27479440e-01 3.65488943e-01 9.22044915e-01 9.51273709e-01 -6.40065703e-02 -9.24660335e-01 3.75375045e-01 3.71962469e-01
-9.88281677e-01 1.06600873e-01 1.09250078e-01 1.69458334e-01 1.41039034e-01 3.64024727e-01 9.20648679e-01 9.68159090e-01 -5.83722241e-02 -9.25268746e-01 3.74793853e-01 3.87303612e-01
-9.87124972e-01 1.04605907e-01 1.21003692e-01 1.73783815e-01 1.51224982e-01 3.63896637e-01 9.19081195e-01 9.86301022e-01 -5.21084855e-02 -9.25546779e-01 3.75030485e-01 4.01497050e-01
-9.86020123e-01 1.01829396e-01 1.31890454e-01 1.75874835e-01 1.60254755e-01 3.62747419e-01 9.18004752e-01 1.00748136e+00 -4.56369481e-02 -9.26307230e-01 3.73994900e-01 4.11669393e-01
-9.84089821e-01 1.02672877e-01 1.45001734e-01 1.74442293e-01 1.72539378e-01 3.57517373e-01 9.17829773e-01 1.02509009e+00 -4.23955843e-02 -9.28245445e-01 3.69544323e-01 4.27442549e-01
-9.81690519e-01 1.06906415e-01 1.57653870e-01 1.77617193e-01 1.85744452e-01 3.53800167e-01 9.16692119e-01 1.04440476e+00 -4.22223023e-02 -9.29191294e-01 3.67179544e-01 4.41488178e-01
-9.79466707e-01 1.09014502e-01 1.69590116e-01 1.82730890e-01 1.97541151e-01 3.50882583e-01 9.15346332e-01 1.06536047e+00 -4.02798067e-02 -9.30052284e-01 3.65212659e-01 4.50975027e-01
-9.77491737e-01 1.11993453e-01 1.78794210e-01 1.83199827e-01 2.07016010e-01 3.45777867e-01 9.15195082e-01 1.07841217e+00 -4.06727773e-02 -9.31608894e-01 3.61179447e-01 4.70909628e-01
-9.75648872e-01 1.11092995e-01 1.89123304e-01 1.82730846e-01 2.16252830e-01 3.43089883e-01 9.14070044e-01 1.09861155e+00 -3.66604869e-02 -9.32709857e-01 3.58759434e-01 4.82604005e-01
-9.74222906e-01 1.09181384e-01 1.97406064e-01 1.88349576e-01 2.23246154e-01 3.40867323e-01 9.13219920e-01 1.11871514e+00 -3.24173384e-02 -9.33749909e-01 3.56455079e-01 4.93767006e-01
-9.73374951e-01 1.05798606e-01 2.03341731e-01 1.97246706e-01 2.27647736e-01 3.42512023e-01 9.11516332e-01 1.13946609e+00 -2.67901693e-02 -9.33537449e-01 3.57477438e-01 5.00372546e-01
-9.72572374e-01 1.04355284e-01 2.07877252e-01 2.06359045e-01 2.31523394e-01 3.48413885e-01 9.08297685e-01 1.16175613e+00 -2.23583420e-02 -9.31513681e-01 3.63018410e-01 4.99869601e-01
-9.71067353e-01 1.02856779e-01 2.15519551e-01 2.08468883e-01 2.38256848e-01 3.56134176e-01 9.03549734e-01 1.18298417e+00 -1.61823377e-02 -9.28756659e-01 3.70336605e-01 5.10546420e-01
-9.69828977e-01 1.01707040e-01 2.21556836e-01 2.07001609e-01 2.43498089e-01 3.59954260e-01 9.00634005e-01 1.20665391e+00 -1.18504921e-02 -9.27409623e-01 3.73859543e-01 5.11947691e-01
-9.71658665e-01 9.79081365e-02 2.15159090e-01 2.24487870e-01 2.36051814e-01 3.53323475e-01 9.05230392e-01 1.21243080e+00 -1.26086633e-02 -9.30363648e-01 3.66421211e-01 5.26712680e-01
-9.69528997e-01 1.05348233e-01 2.21167977e-01 2.14852083e-01 2.44311878e-01 3.49337748e-01 9.04585454e-01 1.22879467e+00 -1.80341564e-02 -9.31055792e-01 3.64430901e-01 5.41023349e-01
-9.67744421e-01 1.12655807e-01 2.25342860e-01 2.11452947e-01 2.50875861e-01 3.49030920e-01 9.02905710e-01 1.24832080e+00 -2.30659456e-02 -9.30315046e-01 3.66035349e-01 5.54347907e-01
-9.67560620e-01 1.21239768e-01 2.21646940e-01 2.32965447e-01 2.50627975e-01 3.50154579e-01 9.02539412e-01 1.25465726e+00 -3.18129774e-02 -9.28812516e-01 3.69181860e-01 5.60832864e-01
-9.65656960e-01 1.29928832e-01 2.25000299e-01 2.32244318e-01 2.57138202e-01 3.53801978e-01 8.99279771e-01 1.27549527e+00 -3.72368199e-02 -9.26251941e-01 3.75061010e-01 5.72230599e-01
-9.68505801e-01 1.38901973e-01 2.06646452e-01 2.56054972e-01 2.43584363e-01 3.56545521e-01 9.01965603e-01 1.27361735e+00 -5.16059354e-02 -9.23894763e-01 3.79150755e-01 5.74912230e-01
-9.69575650e-01 1.45763189e-01 1.96662530e-01 2.78412418e-01 2.36903198e-01 3.56426636e-01 9.03790312e-01 1.27942130e+00 -6.16435940e-02 -9.22883062e-01 3.80114354e-01 5.80656551e-01
-9.69334158e-01 1.46578745e-01 1.97245941e-01 2.76487374e-01 2.37674179e-01 3.55151372e-01 9.04089868e-01 1.29974065e+00 -6.24681916e-02 -9.23245456e-01 3.79098340e-01 5.91729218e-01
-9.69668581e-01 1.46570964e-01 1.95601110e-01 2.77975898e-01 2.35985937e-01 3.52950050e-01 9.05393229e-01 1.32066015e+00 -6.36669366e-02 -9.24090480e-01 3.76833262e-01 6.02103070e-01
-9.70088727e-01 1.45626084e-01 1.94218708e-01 2.78132069e-01 2.34275410e-01 3.52074241e-01 9.06178107e-01 1.34190326e+00 -6.35837654e-02 -9.24573832e-01 3.75659864e-01 6.12025438e-01
-9.70269926e-01 1.47451871e-01 1.91922425e-01 2.78261858e-01 2.32821678e-01 3.52047839e-01 9.06562952e-01 1.36298413e+00 -6.61085285e-02 -9.24294469e-01 3.75911423e-01 6.23319359e-01
-9.71587545e-01 1.46655305e-01 1.85768306e-01 2.82574585e-01 2.26671789e-01 3.50735700e-01 9.08627740e-01 1.37839987e+00 -6.80995017e-02 -9.24919829e-01 3.74013059e-01 6.40096924e-01
-9.72429002e-01 1.46653489e-01 1.81313510e-01 2.82566969e-01 2.22367768e-01 3.48930084e-01 9.10384739e-01 1.40188194e+00 -7.02453605e-02 -9.25602804e-01 3.71920743e-01 6.39959435e-01
-9.74395508e-01 1.44546716e-01 1.72219742e-01 2.96169070e-01 2.12993228e-01 3.48056431e-01 9.12957067e-01 1.42023873e+00 -7.20227569e-02 -9.26262904e-01 3.69932095e-01 6.46505776e-01
-9.74886138e-01 1.38861115e-01 1.74110905e-01 2.76434480e-01 2.12280145e-01 3.43028863e-01 9.15023682e-01 1.43234432e+00 -6.73361429e-02 -9.29004192e-01 3.63891542e-01 6.54686689e-01
-9.76844172e-01 1.37857406e-01 1.63617848e-01 2.81642427e-01 2.01717126e-01 3.38523249e-01 9.19082266e-01 1.45328635e+00 -7.13138523e-02 -9.30804676e-01 3.58492663e-01 6.65971646e-01
-9.77986762e-01 1.36667215e-01 1.57683114e-01 2.73994032e-01 1.95964261e-01 3.41913075e-01 9.19072064e-01 1.47121377e+00 -7.16931007e-02 -9.29740566e-01 3.61168352e-01 6.52033622e-01
-9.79231807e-01 1.34694971e-01 1.51533274e-01 2.63687144e-01 1.89505512e-01 3.42433297e-01 9.20232090e-01 1.48943610e+00 -7.20605956e-02 -9.29836922e-01 3.60847017e-01 6.63542886e-01
-9.79690601e-01 1.30942189e-01 1.51856738e-01 2.45012719e-01 1.88793352e-01 3.47223490e-01 9.18582015e-01 1.50348558e+00 -6.75529131e-02 -9.28595709e-01 3.64892605e-01 6.60186596e-01
-9.80564632e-01 1.29568006e-01 1.47326625e-01 2.31259391e-01 1.84148894e-01 3.48719689e-01 9.18957977e-01 1.52201597e+00 -6.76918580e-02 -9.28227725e-01 3.65802000e-01 6.54559250e-01
-9.81505981e-01 1.30362012e-01 1.40184713e-01 2.28727820e-01 1.77347551e-01 3.43527877e-01 9.22245327e-01 1.53773048e+00 -7.20683998e-02 -9.30050720e-01 3.60294051e-01 6.72337419e-01
-9.82329096e-01 1.32382515e-01 1.32304257e-01 2.25340739e-01 1.70581440e-01 3.42378504e-01 9.23947473e-01 1.55440325e+00 -7.70163565e-02 -9.30189136e-01 3.58910367e-01 6.88907442e-01
-9.84366974e-01 1.25739817e-01 1.23333526e-01 2.15438601e-01 1.59812694e-01 3.43287891e-01 9.25534077e-01 1.57210826e+00 -7.40375791e-02 -9.30775442e-01 3.58016082e-01 7.01129830e-01
-9.84473332e-01 1.24911040e-01 1.23326757e-01 1.97113131e-01 1.59712514e-01 3.45909322e-01 9.24574851e-01 1.58710906e+00 -7.28297313e-02 -9.29916110e-01 3.60488360e-01 6.98232796e-01
-9.84877982e-01 1.27264562e-01 1.17554631e-01 1.89567802e-01 1.55254979e-01 3.47206267e-01 9.24847934e-01 1.60843119e+00 -7.68846632e-02 -9.29113308e-01 3.61714265e-01 7.03203337e-01
-9.85369305e-01 1.27315945e-01 1.13304818e-01 1.76031778e-01 1.51733997e-01 3.52574137e-01 9.23400386e-01 1.62714290e+00 -7.76152437e-02 -9.27082589e-01 3.66733891e-01 7.02272105e-01
-9.86339772e-01 1.25796278e-01 1.06344493e-01 1.69155769e-01 1.44973013e-01 3.56411731e-01 9.23013274e-01 1.64737306e+00 -7.82092099e-02 -9.25821783e-01 3.69780131e-01 7.10293874e-01
-9.87755452e-01 1.18894112e-01 1.01011667e-01 1.58786394e-01 1.37483155e-01 3.57334147e-01 9.23802300e-01 1.66266235e+00 -7.37397368e-02 -9.26378161e-01 3.69304690e-01 7.24084841e-01
-9.88042261e-01 1.17881302e-01 9.93805246e-02 1.44040518e-01 1.35587248e-01 3.57423714e-01 9.24047828e-01 1.67864921e+00 -7.34070047e-02 -9.26473036e-01 3.69132936e-01 7.31490265e-01
-9.89105205e-01 1.17173789e-01 8.91133921e-02 1.45018630e-01 1.25875033e-01 3.59305917e-01 9.24691697e-01 1.69888965e+00 -7.63306613e-02 -9.25834521e-01 3.70140608e-01 7.43154760e-01
-9.89734850e-01 1.14000792e-01 8.61901715e-02 1.24907930e-01 1.22540597e-01 3.66588784e-01 9.22277869e-01 1.71015628e+00 -7.35440570e-02 -9.23372342e-01 3.76795421e-01 7.40216527e-01
-9.90612936e-01 1.12923282e-01 7.70346869e-02 1.18844915e-01 1.13920805e-01 3.70515186e-01 9.21813728e-01 1.72990309e+00 -7.55517101e-02 -9.21936457e-01 3.79901448e-01 7.51086715e-01
-9.91317088e-01 1.12992550e-01 6.72541059e-02 1.11098502e-01 1.05010113e-01 3.72447243e-01 9.22093231e-01 1.75133621e+00 -7.91410589e-02 -9.21149138e-01 3.81078678e-01 7.57220977e-01
-9.91837328e-01 1.13677723e-01 5.77588863e-02 1.03851069e-01 9.64446465e-02 3.72506464e-01 9.23004531e-01 1.77291310e+00 -8.34094953e-02 -9.21040883e-01 3.80429425e-01 7.61075228e-01
-9.92737797e-01 1.09556868e-01 4.96886219e-02 8.92074152e-02 8.73194889e-02 3.72135418e-01 9.24061977e-01 1.79034653e+00 -8.27464397e-02 -9.21690036e-01 3.78999346e-01 7.63463550e-01
-9.93227445e-01 1.09276360e-01 3.94704995e-02 8.99657991e-02 7.71113032e-02 3.65876173e-01 9.27463463e-01 1.81110286e+00 -8.69085160e-02 -9.24225786e-01 3.71824700e-01 7.73489042e-01
-9.93623775e-01 1.08676024e-01 3.00218998e-02 8.83812910e-02 6.78065616e-02 3.63256867e-01 9.29218338e-01 1.83214318e+00 -9.00780927e-02 -9.25329115e-01 3.68309608e-01 7.83160058e-01
-9.93819966e-01 1.08713598e-01 2.24327388e-02 8.08358402e-02 6.10489524e-02 3.66512884e-01 9.28407955e-01 1.85372613e+00 -9.27086818e-02 -9.24039858e-01 3.70884675e-01 7.80269264e-01
-9.94327368e-01 1.06073896e-01 7.83668458e-03 5.98355596e-02 4.62207709e-02 3.64559124e-01 9.30032411e-01 1.86476144e+00 -9.57952266e-02 -9.25118897e-01 3.67393933e-01 7.77948309e-01
-9.93672592e-01 1.11917085e-01 -9.45228479e-03 5.81860705e-02 3.15022434e-02 3.58496573e-01 9.32999366e-01 1.88654994e+00 -1.07807181e-01 -9.26798130e-01 3.59753858e-01 7.86242916e-01
-9.92391373e-01 1.20587317e-01 -2.48608460e-02 6.48425142e-02 1.97218976e-02 3.54997987e-01 9.34659016e-01 1.86571798e+00 -1.21533573e-01 -9.27057241e-01 3.54675151e-01 7.77011163e-01
-9.91041591e-01 1.27165353e-01 -4.08110032e-02 5.35868154e-02 6.77933689e-03 3.53083884e-01 9.35567107e-01 1.88466721e+00 -1.33381429e-01 -9.26909242e-01 3.50782912e-01 7.84226442e-01
-9.89629090e-01 1.31356198e-01 -5.81361594e-02 5.10550749e-02 -8.35571760e-03 3.51391861e-01 9.36191189e-01 1.90699086e+00 -1.43403089e-01 -9.26967804e-01 3.46650033e-01 7.88687011e-01
-9.88399276e-01 1.32441872e-01 -7.43372132e-02 4.02586900e-02 -2.37764071e-02 3.48487042e-01 9.37011987e-01 1.92767349e+00 -1.50005178e-01 -9.27909442e-01 3.41295348e-01 7.91938557e-01
-9.86787859e-01 1.32472292e-01 -9.32781377e-02 3.90312692e-02 -4.25775742e-02 3.43458428e-01 9.38202248e-01 1.94957736e+00 -1.56322965e-01 -9.29778146e-01 3.33280259e-01 8.00640253e-01
-9.84973399e-01 1.30476656e-01 -1.13151425e-01 3.88582000e-02 -6.27307390e-02 3.40135898e-01 9.38281634e-01 1.96993679e+00 -1.60910712e-01 -9.31280523e-01 3.26839915e-01 8.12616214e-01
-9.82335278e-01 1.30217036e-01 -1.34390943e-01 3.74428343e-02 -8.31523689e-02 3.39621994e-01 9.36879173e-01 1.98951254e+00 -1.67639749e-01 -9.31504388e-01 3.22794812e-01 8.23875121e-01
-9.77969718e-01 1.35574928e-01 -1.58728286e-01 5.68161166e-02 -1.04184301e-01 3.41905442e-01 9.33941273e-01 2.00084939e+00 -1.80889086e-01 -9.29903278e-01 3.20248391e-01 8.28647361e-01
-9.74452490e-01 1.43702334e-01 -1.72603546e-01 4.37583060e-02 -1.13932339e-01 3.46007295e-01 9.31288556e-01 2.01899172e+00 -1.93550425e-01 -9.27161577e-01 3.20795329e-01 8.30391807e-01
-9.70409462e-01 1.48680461e-01 -1.90261915e-01 3.96610335e-02 -1.28088705e-01 3.50984345e-01 9.27579255e-01 2.03722583e+00 -2.04691865e-01 -9.24502087e-01 3.21554242e-01 8.44165245e-01
-9.66570815e-01 1.50351869e-01 -2.07690091e-01 3.76494075e-02 -1.42781546e-01 3.57174895e-01 9.23059871e-01 2.05905219e+00 -2.12965463e-01 -9.21857044e-01 3.23767357e-01 8.51383278e-01
-9.64498638e-01 1.46255979e-01 -2.19889891e-01 1.86422332e-02 -1.54844001e-01 3.61301230e-01 9.19502451e-01 2.07184742e+00 -2.13929219e-01 -9.20907493e-01 3.25827685e-01 8.52107815e-01
-9.60647118e-01 1.45971521e-01 -2.36324839e-01 1.78751283e-02 -1.70027152e-01 3.63767869e-01 9.15840436e-01 2.09145930e+00 -2.19654005e-01 -9.19981114e-01 3.24633434e-01 8.63048129e-01
-9.56485558e-01 1.45015880e-01 -2.53191174e-01 8.55793880e-03 -1.86048900e-01 3.65342231e-01 9.12091477e-01 2.10921082e+00 -2.24769177e-01 -9.19508265e-01 3.22464523e-01 8.74110945e-01
-9.51687310e-01 1.47604800e-01 -2.69265829e-01 5.22807458e-03 -1.99610953e-01 3.68962501e-01 9.07756653e-01 2.12993146e+00 -2.33338233e-01 -9.17648896e-01 3.21673395e-01 8.83795050e-01
-9.46521146e-01 1.51322861e-01 -2.84954577e-01 2.15085063e-02 -2.11311373e-01 3.76662440e-01 9.01927331e-01 2.14298726e+00 -2.43813911e-01 -9.13907434e-01 3.24542723e-01 8.94757552e-01
-9.43201382e-01 1.52214008e-01 -2.95299931e-01 1.51458927e-02 -2.20097951e-01 3.79512979e-01 8.98624944e-01 2.15078355e+00 -2.48853462e-01 -9.12579198e-01 3.24455176e-01 9.16185916e-01
-9.40840203e-01 1.52774315e-01 -3.02456147e-01 -1.17251960e-03 -2.26309272e-01 3.81032073e-01 8.96436653e-01 2.16495889e+00 -2.52197989e-01 -9.11852272e-01 3.23916050e-01 9.25045020e-01
-9.37228376e-01 1.59001245e-01 -3.10357173e-01 1.42034932e-03 -2.33343761e-01 3.75426937e-01 8.96997940e-01 2.16956276e+00 -2.59140233e-01 -9.13111832e-01 3.14758830e-01 9.47612501e-01
-9.34476763e-01 1.61690748e-01 -3.17189661e-01 -5.43869574e-03 -2.40577098e-01 3.69960062e-01 8.97358464e-01 2.18662574e+00 -2.62442068e-01 -9.14869201e-01 3.06819991e-01 9.61973507e-01
-9.31051885e-01 1.65231001e-01 -3.25332298e-01 -7.40141400e-03 -2.48295884e-01 3.66446274e-01 8.96697431e-01 2.20615062e+00 -2.67379023e-01 -9.15650503e-01 3.00154317e-01 9.73702108e-01
-9.28248065e-01 1.65278841e-01 -3.33224300e-01 -9.41389066e-03 -2.56544419e-01 3.64202684e-01 8.95288426e-01 2.22632123e+00 -2.69333419e-01 -9.16536583e-01 2.95669073e-01 9.84916372e-01
-9.26483090e-01 1.65284901e-01 -3.38097595e-01 -9.36154248e-03 -2.61422135e-01 3.63598679e-01 8.94122178e-01 2.20917690e+00 -2.70716736e-01 -9.16775273e-01 2.93658897e-01 1.00095201e+00
-9.25565896e-01 1.63630487e-01 -3.41398354e-01 -2.06074730e-02 -2.63877982e-01 3.67793477e-01 8.91681765e-01 2.22815694e+00 -2.71470410e-01 -9.15397739e-01 2.97238617e-01 1.00159745e+00
-9.23160288e-01 1.67419417e-01 -3.46043089e-01 -2.61961066e-02 -2.67147668e-01 3.67881555e-01 8.90671255e-01 2.24666930e+00 -2.76418533e-01 -9.14676937e-01 2.94887937e-01 1.01257739e+00
-9.23576198e-01 1.66571649e-01 -3.45341703e-01 -4.31421085e-02 -2.66957726e-01 3.67141039e-01 8.91033686e-01 2.25902311e+00 -2.75210063e-01 -9.15129140e-01 2.94615137e-01 1.00331075e+00
-9.24508834e-01 1.70082326e-01 -3.41109099e-01 -4.09056534e-02 -2.63882997e-01 3.60167366e-01 8.94787814e-01 2.27485409e+00 -2.75043959e-01 -9.17252130e-01 2.88096079e-01 1.01952271e+00
-9.25377961e-01 1.78259061e-01 -3.34513579e-01 -5.31945524e-02 -2.55662709e-01 3.58014719e-01 8.98032316e-01 2.29390634e+00 -2.79843183e-01 -9.16541962e-01 2.85724737e-01 1.01849490e+00
-9.25601918e-01 1.79539583e-01 -3.33206583e-01 -6.27411977e-02 -2.54836459e-01 3.55299789e-01 8.99344450e-01 2.31493590e+00 -2.79856157e-01 -9.17348133e-01 2.83112936e-01 1.02147072e+00
-9.25473881e-01 1.77152994e-01 -3.34835652e-01 -6.88384490e-02 -2.57278823e-01 3.54822802e-01 8.98837241e-01 2.33684353e+00 -2.78039033e-01 -9.17996512e-01 2.82801522e-01 1.02059919e+00
-9.26357084e-01 1.76341810e-01 -3.32815441e-01 -8.14518746e-02 -2.55480703e-01 3.55086388e-01 8.99245944e-01 2.35553204e+00 -2.76752891e-01 -9.18050773e-01 2.83884862e-01 1.02031334e+00
-9.29825159e-01 1.74837578e-01 -3.23816297e-01 -9.07199824e-02 -2.43449472e-01 3.67622014e-01 8.97544656e-01 2.36856524e+00 -2.75966533e-01 -9.13392509e-01 2.99260083e-01 1.00444086e+00
-9.31146708e-01 1.72409904e-01 -3.21310805e-01 -9.63098850e-02 -2.41027769e-01 3.70206390e-01 8.97135911e-01 2.39019746e+00 -2.73626430e-01 -9.12809976e-01 3.03160887e-01 1.00741677e+00
-9.31695702e-01 1.72746693e-01 -3.19533564e-01 -1.05212350e-01 -2.39457645e-01 3.69371103e-01 8.97900342e-01 2.40930883e+00 -2.73135780e-01 -9.13084645e-01 3.02775953e-01 1.01557582e+00
