-9.57241851e-01 2.88029769e-01 2.69609328e-02 0.00000000e+00 -2.89164278e-01 -9.49930449e-01 -1.18389870e-01 0.00000000e+00 -8.48879594e-03 -1.21123877e-01 9.92601101e-01 0.00000000e+00
-9.58371889e-01 2.63080193e-02 2.84308303e-01 -9.34229136e-03 -2.85443496e-01 -1.11760547e-01 -9.51856916e-01 2.11086774e-02 -6.73298144e-03 9.93386867e-01 -1.14617620e-01 8.23102212e-03
-9.58106850e-01 2.85947587e-02 2.84980008e-01 -1.85261630e-02 -2.86391022e-01 -1.07402992e-01 -9.52073935e-01 4.42461978e-02 -3.38338118e-03 9.93804275e-01 -1.11092825e-01 8.35034950e-03
-9.57649317e-01 2.78329717e-02 2.86588750e-01 -1.26652456e-02 -2.87905564e-01 -1.07294833e-01 -9.51629236e-01 2.13939554e-02 -4.26282248e-03 9.93837584e-01 -1.10764091e-01 3.11350625e-03
-9.58278792e-01 2.72845818e-02 2.84529979e-01 -1.80194036e-03 -2.85795036e-01 -1.08145391e-01 -9.52168983e-01 -2.29401107e-04 -4.79107329e-03 9.93760598e-01 -1.11431233e-01 5.98369077e-04
-9.59200744e-01 2.32666606e-02 2.81766916e-01 9.99746059e-03 -2.82613569e-01 -1.06995365e-01 -9.53247901e-01 -1.96930970e-02 -7.96885866e-03 9.93987250e-01 -1.09205508e-01 -8.23188581e-03
-9.60243561e-01 2.22290879e-02 2.78277149e-01 -1.04499641e-04 -2.79062710e-01 -1.03228467e-01 -9.54708273e-01 -3.44680883e-04 -7.50382955e-03 9.94409247e-01 -1.05327781e-01 1.09971814e-03
-9.60282788e-01 1.93203976e-02 2.78358922e-01 -9.70251819e-03 -2.78871250e-01 -9.99534355e-02 -9.55112630e-01 2.05427911e-02 -9.36977479e-03 9.94804520e-01 -1.01371467e-01 8.66622967e-03
-9.60541286e-01 2.00354450e-02 2.77414889e-01 -6.52934609e-03 -2.77967147e-01 -1.04047264e-01 -9.54938967e-01 1.30082031e-02 -9.73163290e-03 9.94370528e-01 -1.05510888e-01 3.13984006e-02
-9.61746768e-01 1.49880425e-02 2.73529729e-01 -2.26800700e-03 -2.73651027e-01 -9.84199188e-02 -9.56780348e-01 -1.00889931e-02 -1.25805092e-02 9.95032099e-01 -9.87565322e-02 2.49858208e-02
-9.62015662e-01 1.65999184e-02 2.72489101e-01 -2.59537646e-02 -2.72858386e-01 -8.99564887e-02 -9.57839303e-01 -5.57559162e-03 -8.61210851e-03 9.95807347e-01 -9.10689780e-02 2.05758090e-02
-9.61728988e-01 2.11827464e-02 2.73182439e-01 -2.09069741e-02 -2.73991274e-01 -8.33599478e-02 -9.58112676e-01 -2.78124542e-02 -2.47701606e-03 9.96294339e-01 -8.59735659e-02 1.06714542e-02
-9.62340638e-01 2.03100363e-02 2.71086704e-01 -2.23139361e-02 -2.71824775e-01 -8.44875539e-02 -9.58630869e-01 -5.54038353e-03 -3.43362480e-03 9.96217524e-01 -8.68265776e-02 1.97197724e-02
-9.61975053e-01 1.73948301e-02 2.72582864e-01 -3.11708208e-02 -2.73047076e-01 -8.68955932e-02 -9.58068082e-01 1.64663651e-02 -7.02081823e-03 9.96065547e-01 -8.83410004e-02 2.31883247e-02
-9.61818981e-01 2.00680568e-02 2.72949671e-01 -3.25252585e-02 -2.73651575e-01 -8.64272043e-02 -9.57937969e-01 -5.75699206e-03 -4.36632344e-03 9.96056028e-01 -8.86189809e-02 1.34833658e-02
-9.62908813e-01 2.27650434e-02 2.68864968e-01 -2.01856726e-02 -2.69806664e-01 -9.34712760e-02 -9.58367092e-01 1.80860492e-03 -3.31388321e-03 9.95361679e-01 -9.61464758e-02 3.32902106e-02
-9.60033466e-01 1.84651034e-02 2.79275464e-01 -4.08459710e-02 -2.79779203e-01 -9.07764865e-02 -9.55763164e-01 -3.22094639e-03 -7.70337977e-03 9.95700089e-01 -9.23146170e-02 2.07961024e-02
-9.56326370e-01 1.81499199e-02 2.91736962e-01 -6.05642524e-02 -2.92190119e-01 -8.68471097e-02 -9.52408796e-01 -1.68961577e-02 -8.05036857e-03 9.96056303e-01 -8.83574085e-02 1.50661425e-02
-9.57250411e-01 2.16583996e-02 2.88448549e-01 -6.61284583e-02 -2.89234465e-01 -8.50530569e-02 -9.53472286e-01 6.52046924e-03 -3.88274715e-03 9.96141000e-01 -8.76814293e-02 1.77052798e-02
-9.57877431e-01 2.55540415e-02 2.86038143e-01 -7.06395937e-02 -2.87175305e-01 -8.89900598e-02 -9.53735347e-01 2.67423518e-02 -1.08275888e-03 9.95704655e-01 -9.25800595e-02 3.01115498e-02
-9.58053446e-01 2.58491453e-02 2.85421473e-01 -6.50304103e-02 -2.86581753e-01 -9.37770178e-02 -9.53455174e-01 4.70690177e-03 -2.11997326e-03 9.95257600e-01 -9.72512884e-02 2.13296764e-02
-9.56966433e-01 3.48147786e-02 2.88102721e-01 -7.50458110e-02 -2.90158808e-01 -9.83435024e-02 -9.51911981e-01 2.66678129e-02 4.80757409e-03 9.94543355e-01 -1.04213245e-01 2.60070708e-02
-9.55855882e-01 4.32765673e-02 2.90631509e-01 -7.05055566e-02 -2.93655449e-01 -1.06034760e-01 -9.50012162e-01 4.25006438e-03 1.02962230e-02 9.93420237e-01 -1.14062349e-01 1.64264404e-02
-9.56224648e-01 4.48395316e-02 2.89177869e-01 -8.60988345e-02 -2.92504365e-01 -1.17089991e-01 -9.49068559e-01 2.36987780e-02 8.69595562e-03 9.92108537e-01 -1.25080094e-01 1.68423658e-02
-9.57117925e-01 4.31611830e-02 2.86465337e-01 -9.65662194e-02 -2.89644096e-01 -1.23390805e-01 -9.49147515e-01 4.59421076e-02 5.61914117e-03 9.91419095e-01 -1.30600933e-01 2.02175268e-02
-9.57292233e-01 4.11451132e-02 2.86179422e-01 -1.05408534e-01 -2.89094387e-01 -1.22518069e-01 -9.49428121e-01 6.81693737e-02 4.00217727e-03 9.91613030e-01 -1.29180417e-01 2.22016145e-02
-9.56814601e-01 3.92395567e-02 2.88038327e-01 -9.73775056e-02 -2.90678246e-01 -1.17348767e-01 -9.49597505e-01 5.47742404e-02 3.46084244e-03 9.92315234e-01 -1.23687100e-01 3.62392145e-03
-9.56737048e-01 3.82600510e-02 2.88427444e-01 -1.05655879e-01 -2.90939938e-01 -1.16062551e-01 -9.49675437e-01 7.70656906e-02 2.85900559e-03 9.92504736e-01 -1.22172720e-01 7.61812431e-03
-9.57206848e-01 3.60922791e-02 2.87145258e-01 -1.15472519e-01 -2.89402110e-01 -1.15217111e-01 -9.50248092e-01 9.87980121e-02 1.21257235e-03 9.92684423e-01 -1.20731789e-01 1.00653033e-02
-9.56494775e-01 3.73318086e-02 2.89351140e-01 -1.26746570e-01 -2.91738621e-01 -1.13839018e-01 -9.49699560e-01 1.20128229e-01 2.51455243e-03 9.92797569e-01 -1.19777556e-01 1.12543795e-02
-9.54847179e-01 3.67461033e-02 2.94816199e-01 -1.37968376e-01 -2.97097076e-01 -1.16625617e-01 -9.47698155e-01 1.41262963e-01 4.41093286e-04 9.92495938e-01 -1.22276801e-01 1.57143623e-02
-9.53673946e-01 3.53655960e-02 2.98756223e-01 -1.29273061e-01 -3.00837563e-01 -1.17598011e-01 -9.46397098e-01 1.19511837e-01 -1.66324012e-03 9.92431349e-01 -1.22789459e-01 9.25192639e-03
-9.53043514e-01 3.54832049e-02 3.00747406e-01 -1.22727531e-01 -3.02826797e-01 -1.18217056e-01 -9.45685284e-01 9.64081257e-02 -1.99752822e-03 9.92353601e-01 -1.23411264e-01 5.32131200e-03
-9.52237128e-01 3.39384748e-02 3.03467681e-01 -1.25991034e-01 -3.05334655e-01 -1.18514725e-01 -9.44841261e-01 1.19115916e-01 -3.89891738e-03 9.92372127e-01 -1.23216714e-01 1.27054218e-02
-9.50620646e-01 3.42499816e-02 3.08459603e-01 -1.38401433e-01 -3.10332708e-01 -1.16881955e-01 -9.43415188e-01 1.39765426e-01 -3.74140855e-03 9.92555060e-01 -1.21739289e-01 1.60672294e-02
-9.49100180e-01 3.70201406e-02 3.12791238e-01 -1.33629938e-01 -3.14974159e-01 -1.12679991e-01 -9.42387658e-01 1.17575099e-01 -3.57990374e-04 9.92941452e-01 -1.18604987e-01 6.75650448e-03
-9.48188333e-01 4.00926958e-02 3.15168943e-01 -1.35769454e-01 -3.17698434e-01 -1.11634470e-01 -9.41597286e-01 9.49951765e-02 2.56745547e-03 9.92940240e-01 -1.18587889e-01 -2.43225088e-03
-9.47554848e-01 4.09691053e-02 3.16956374e-01 -1.23116131e-01 -3.19580782e-01 -1.12723106e-01 -9.40830285e-01 7.42777753e-02 2.81666794e-03 9.92781462e-01 -1.19904265e-01 -6.06162384e-03
-9.46105485e-01 4.05181480e-02 3.21314008e-01 -1.32574901e-01 -3.23851511e-01 -1.11787282e-01 -9.39480601e-01 9.64773292e-02 2.14719454e-03 9.92905777e-01 -1.18884424e-01 -1.50110731e-03
-9.43437640e-01 4.32842348e-02 3.28712483e-01 -1.43965950e-01 -3.31531787e-01 -1.12760551e-01 -9.36681232e-01 7.55384151e-02 3.47772961e-03 9.92678967e-01 -1.20732648e-01 4.61565549e-03
-9.44998854e-01 4.00081531e-02 3.24617492e-01 -1.31043042e-01 -3.27073611e-01 -1.15155473e-01 -9.37956325e-01 5.51274986e-02 1.44419352e-04 9.92541467e-01 -1.21907401e-01 1.98816919e-03
-9.44538954e-01 3.96966391e-02 3.25991322e-01 -1.40102513e-01 -3.28397686e-01 -1.17379968e-01 -9.37217639e-01 7.76124968e-02 -1.06046051e-03 9.92293364e-01 -1.23906236e-01 4.17634570e-03
-9.42780159e-01 4.00046035e-02 3.31006353e-01 -1.51345980e-01 -3.33411765e-01 -1.17502537e-01 -9.35430247e-01 9.92609165e-02 -1.47257003e-03 9.92266489e-01 -1.24117066e-01 5.02840031e-03
-9.41091479e-01 4.21324359e-02 3.35517043e-01 -1.42073777e-01 -3.38151699e-01 -1.15770628e-01 -9.33943568e-01 7.79652767e-02 5.06298754e-04 9.92381993e-01 -1.23197906e-01 -2.60511534e-03
-9.40204512e-01 4.58226094e-02 3.37514095e-01 -1.42965408e-01 -3.40590526e-01 -1.15762652e-01 -9.33057930e-01 1.00528219e-01 3.68362230e-03 9.92219379e-01 -1.24447315e-01 7.07467526e-03
-9.39532283e-01 5.06689841e-02 3.38691224e-01 -1.34106509e-01 -3.42372478e-01 -1.16571016e-01 -9.32304823e-01 7.85920082e-02 7.75735820e-03 9.91889032e-01 -1.26869898e-01 1.44084951e-03
-9.38367064e-01 5.35744094e-02 3.41463084e-01 -1.48040110e-01 -3.45518153e-01 -1.19128221e-01 -9.30819892e-01 9.11748941e-02 9.19023600e-03 9.91432423e-01 -1.30296930e-01 1.73476290e-02
-9.37905130e-01 5.46807905e-02 3.42555076e-01 -1.64762326e-01 -3.46756612e-01 -1.20211526e-01 -9.30219888e-01 1.05942552e-01 9.68609045e-03 9.91241242e-01 -1.31707932e-01 2.70380591e-02
-9.37652188e-01 5.93501128e-02 3.42470349e-01 -1.64472080e-01 -3.47257484e-01 -1.17856400e-01 -9.30334406e-01 1.24853881e-01 1.48531294e-02 9.91255483e-01 -1.31118082e-01 4.20555983e-02
-9.36545810e-01 5.89353666e-02 3.45555451e-01 -1.62251244e-01 -3.50246541e-01 -1.16638699e-01 -9.29366867e-01 1.02403705e-01 1.44674388e-02 9.91424246e-01 -1.29879393e-01 3.31604494e-02
-9.35431725e-01 6.05113538e-02 3.48289916e-01 -1.70544257e-01 -3.53119772e-01 -1.13819511e-01 -9.28628852e-01 1.24754872e-01 1.65504011e-02 9.91656944e-01 -1.27838137e-01 3.73094682e-02
-9.34261225e-01 5.81338996e-02 3.51818724e-01 -1.61528918e-01 -3.56259244e-01 -1.09726248e-01 -9.27922141e-01 1.03111068e-01 1.53399840e-02 9.92260349e-01 -1.23223718e-01 3.06080453e-02
-9.32803643e-01 6.07804246e-02 3.55222614e-01 -1.52223233e-01 -3.59851393e-01 -1.03468494e-01 -9.27254681e-01 8.13825736e-02 1.96045843e-02 9.92773896e-01 -1.18387709e-01 2.37841466e-02
-9.34037544e-01 6.19049585e-02 3.51769303e-01 -1.41072090e-01 -3.56759768e-01 -1.14231262e-01 -9.27185896e-01 7.17688516e-02 1.72143529e-02 9.91523572e-01 -1.28781486e-01 4.31212259e-02
-9.35563687e-01 5.84374689e-02 3.48289607e-01 -1.32108620e-01 -3.52848681e-01 -1.13404144e-01 -9.28782702e-01 5.02247427e-02 1.47782254e-02 9.91828897e-01 -1.26716383e-01 3.66229232e-02
-9.35863572e-01 5.39849093e-02 3.48202534e-01 -1.44737823e-01 -3.52216359e-01 -1.14858786e-01 -9.28843956e-01 6.44812048e-02 1.01494365e-02 9.91913851e-01 -1.26506522e-01 5.13666424e-02
-9.34543149e-01 5.58898763e-02 3.51433385e-01 -1.48786130e-01 -3.55655921e-01 -1.14101088e-01 -9.27625897e-01 8.49623250e-02 1.17459649e-02 9.91895793e-01 -1.26509956e-01 6.29063727e-02
-9.34629512e-01 5.56369735e-02 3.51243793e-01 -1.34517439e-01 -3.55434002e-01 -1.13953102e-01 -9.27729142e-01 6.76178983e-02 1.15907217e-02 9.91927022e-01 -1.26279205e-01 5.63376694e-02
-9.35144900e-01 5.53575227e-02 3.49913650e-01 -1.42272052e-01 -3.54074552e-01 -1.13625117e-01 -9.28289041e-01 8.93099681e-02 1.16288022e-02 9.91980281e-01 -1.25856638e-01 6.34032246e-02
-9.34587926e-01 5.96321153e-02 3.50698477e-01 -1.32393674e-01 -3.55358229e-01 -1.11308407e-01 -9.28079181e-01 6.79114353e-02 1.63076361e-02 9.91995186e-01 -1.25218256e-01 5.82361819e-02
-9.35199959e-01 5.75556696e-02 3.49411480e-01 -1.15922007e-01 -3.53847316e-01 -1.13161691e-01 -9.28432285e-01 5.12770414e-02 1.38965480e-02 9.91908149e-01 -1.26194728e-01 5.35141271e-02
-9.36522814e-01 5.25630063e-02 3.46644126e-01 -9.90682518e-02 -3.50482685e-01 -1.14065206e-01 -9.29597233e-01 3.47445600e-02 9.32239158e-03 9.92081780e-01 -1.25247091e-01 5.01388687e-02
-9.36233527e-01 5.28190016e-02 3.47385861e-01 -1.07951463e-01 -3.51246305e-01 -1.13574670e-01 -9.29369048e-01 4.95086301e-02 9.63411066e-03 9.92124461e-01 -1.24884893e-01 6.67076754e-02
-9.34812892e-01 5.59075534e-02 3.50712423e-01 -9.71864443e-02 -3.54917798e-01 -1.12093120e-01 -9.28153268e-01 2.84274681e-02 1.25783286e-02 9.92123720e-01 -1.24628680e-01 6.40337775e-02
-9.33809789e-01 5.58392072e-02 3.53385429e-01 -9.79280278e-02 -3.57566322e-01 -1.12348187e-01 -9.27105285e-01 5.10913426e-03 1.20666118e-02 9.92098718e-01 -1.24878057e-01 5.83976223e-02
-9.33449137e-01 5.31817234e-02 3.54745562e-01 -8.73820927e-02 -3.58604095e-01 -1.14345920e-01 -9.26459990e-01 -1.55382760e-02 8.70703128e-03 9.92016488e-01 -1.25807284e-01 5.11776575e-02
-9.31411719e-01 5.16726381e-02 3.60280655e-01 -9.27214387e-02 -3.63914891e-01 -1.15412809e-01 -9.24254204e-01 -3.40078980e-02 6.17765053e-03 9.91972692e-01 -1.26301285e-01 3.59088274e-02
-9.32105347e-01 4.75220663e-02 3.59056091e-01 -8.24689761e-02 -3.62183879e-01 -1.18005560e-01 -9.24606686e-01 -5.55124609e-02 1.56860537e-03 9.91875164e-01 -1.27205339e-01 2.94584511e-02
-9.33890716e-01 4.40748795e-02 3.54831700e-01 -7.34206906e-02 -3.57557025e-01 -1.18031576e-01 -9.26402461e-01 -7.75546741e-02 -1.05026786e-03 9.92031225e-01 -1.25987876e-01 2.39620652e-02
-9.34050739e-01 4.46792865e-02 3.54334560e-01 -6.21740618e-02 -3.57140308e-01 -1.16473189e-01 -9.26760377e-01 -9.53161763e-02 1.36516117e-04 9.92188367e-01 -1.24748643e-01 1.25740651e-02
-9.32490171e-01 4.86278567e-02 3.57906990e-01 -6.96235802e-02 -3.61183028e-01 -1.17352283e-01 -9.25081218e-01 -1.18556415e-01 2.98351442e-03 9.91899073e-01 -1.26993407e-01 1.03215670e-02
-9.33264248e-01 4.82244338e-02 3.55938546e-01 -6.32084831e-02 -3.59189521e-01 -1.22938410e-01 -9.25131901e-01 -1.42278566e-01 8.55443324e-04 9.91241923e-01 -1.32055734e-01 6.93543620e-03
-9.34205827e-01 4.29167953e-02 3.54143508e-01 -5.78155843e-02 -3.56691075e-01 -1.27857703e-01 -9.25431729e-01 -1.65112210e-01 -5.56341159e-03 9.90863540e-01 -1.34753449e-01 -1.58194136e-03
-9.34724993e-01 3.92428747e-02 3.53198505e-01 -4.69655612e-02 -3.55241778e-01 -1.30074956e-01 -9.25680173e-01 -1.86631534e-01 -9.61592923e-03 9.90727259e-01 -1.35525021e-01 -6.58522484e-03
-9.36161158e-01 3.24708055e-02 3.50068471e-01 -3.66827138e-02 -3.51171343e-01 -1.33839196e-01 -9.26696151e-01 -2.08789516e-01 -1.67623121e-02 9.90470956e-01 -1.36697873e-01 -1.11008879e-02
-9.38000428e-01 2.82129903e-02 3.45484046e-01 -4.54873759e-02 -3.46021313e-01 -1.35447812e-01 -9.28398158e-01 -2.29092455e-01 -2.06021701e-02 9.90382712e-01 -1.36812402e-01 -2.25028105e-02
-9.39674572e-01 2.57047117e-02 3.41102576e-01 -3.57612469e-02 -3.41281034e-01 -1.38124278e-01 -9.29757462e-01 -2.51901297e-01 -2.32153996e-02 9.90081285e-01 -1.38564403e-01 -2.63520446e-02
-9.40817665e-01 2.42440145e-02 3.38044894e-01 -2.62199109e-02 -3.38045982e-01 -1.38435458e-01 -9.30892333e-01 -2.73320716e-01 -2.42288327e-02 9.90074669e-01 -1.38438116e-01 -3.30865528e-02
-9.42170105e-01 2.16351015e-02 3.34435968e-01 -2.20312400e-02 -3.34165718e-01 -1.36490496e-01 -9.32579014e-01 -2.94598386e-01 -2.54708893e-02 9.90405102e-01 -1.35826974e-01 -4.36517333e-02
-9.43784581e-01 2.17117896e-02 3.29847334e-01 -8.17287282e-03 -3.29684101e-01 -1.34463954e-01 -9.34466605e-01 -3.14886961e-01 -2.40636347e-02 9.90680595e-01 -1.34063039e-01 -4.64599481e-02
-9.44514172e-01 2.24804153e-02 3.27700489e-01 4.22260110e-04 -3.27664842e-01 -1.34323139e-01 -9.35196795e-01 -3.35313941e-01 -2.29941460e-02 9.90682555e-01 -1.34236150e-01 -5.73701573e-02
-9.44284727e-01 2.24172840e-02 3.28365375e-01 1.07949943e-02 -3.28332815e-01 -1.33543461e-01 -9.35074171e-01 -3.57702082e-01 -2.28892256e-02 9.90789387e-01 -1.33463381e-01 -5.79218979e-02
-9.44231840e-01 2.01200738e-02 3.28666115e-01 1.36899921e-02 -3.28379996e-01 -1.31341201e-01 -9.35369481e-01 -3.80531399e-01 -2.43476993e-02 9.91133023e-01 -1.30623574e-01 -6.48775346e-02
-9.44106644e-01 1.91997481e-02 3.29080562e-01 1.66747022e-02 -3.28783069e-01 -1.26789681e-01 -9.35855795e-01 -4.00629246e-01 -2.37558241e-02 9.91743790e-01 -1.26015533e-01 -7.75939404e-02
-9.46045273e-01 2.10640029e-02 3.23349113e-01 4.08558320e-02 -3.23341666e-01 -1.26585632e-01 -9.37777289e-01 -3.96939258e-01 -2.11780083e-02 9.91732012e-01 -1.26566608e-01 -7.81271948e-02
-9.46280556e-01 1.70474175e-02 3.22897035e-01 4.92662793e-02 -3.22319515e-01 -1.29266844e-01 -9.37763410e-01 -4.18913905e-01 -2.57534363e-02 9.91463297e-01 -1.27817417e-01 -8.44344582e-02
-9.45225081e-01 1.83353377e-02 3.25903916e-01 5.28284441e-02 -3.25465313e-01 -1.29215569e-01 -9.36683332e-01 -4.06733447e-01 -2.49374549e-02 9.91446999e-01 -1.28105313e-01 -6.29447674e-02
-9.44853430e-01 1.85688871e-02 3.26966655e-01 6.56860162e-02 -3.26395413e-01 -1.35083740e-01 -9.35531088e-01 -4.19313994e-01 -2.67961074e-02 9.90660174e-01 -1.33695134e-01 -4.60095055e-02
-9.44660099e-01 1.73013725e-02 3.27594202e-01 7.68039028e-02 -3.26880307e-01 -1.33924218e-01 -9.35528497e-01 -4.40716139e-01 -2.76868704e-02 9.90840535e-01 -1.32168343e-01 -5.11104707e-02
-9.44196162e-01 1.77795216e-02 3.28903475e-01 8.42785023e-02 -3.28265552e-01 -1.32999554e-01 -9.35175302e-01 -4.63761950e-01 -2.71170461e-02 9.90956611e-01 -1.31414073e-01 -5.60215876e-02
-9.42675799e-01 1.72191611e-02 3.33265419e-01 8.94576296e-02 -3.32575053e-01 -1.30768800e-01 -9.33966463e-01 -4.87328981e-01 -2.74985999e-02 9.91263345e-01 -1.28999246e-01 -6.21863582e-02
-9.42638479e-01 1.62773835e-02 3.33418274e-01 1.05292759e-01 -3.32601015e-01 -1.30915401e-01 -9.33936679e-01 -5.06068026e-01 -2.84475414e-02 9.91259907e-01 -1.28819769e-01 -6.65728254e-02
-9.41688295e-01 1.46455605e-02 3.36167613e-01 1.19471621e-01 -3.35107657e-01 -1.31169236e-01 -9.33004549e-01 -5.23745447e-01 -3.04304746e-02 9.91251803e-01 -1.28428374e-01 -7.61476084e-02
-9.39338180e-01 1.39266527e-02 3.42709546e-01 1.27827785e-01 -3.41383043e-01 -1.34639910e-01 -9.30230999e-01 -5.46227228e-01 -3.31873784e-02 9.90796721e-01 -1.31226731e-01 -8.25568854e-02
-9.37717189e-01 1.49908153e-02 3.47075999e-01 1.35975771e-01 -3.45770988e-01 -1.36900055e-01 -9.28278405e-01 -5.68923039e-01 -3.35990735e-02 9.90471428e-01 -1.33556924e-01 -8.85219457e-02
-9.36386658e-01 1.67665284e-02 3.50569410e-01 1.27133073e-01 -3.49324416e-01 -1.41139559e-01 -9.26311004e-01 -5.47242563e-01 -3.39481923e-02 9.89847719e-01 -1.38018158e-01 -8.12955325e-02
-9.34198306e-01 2.25850542e-02 3.56038539e-01 1.40619903e-01 -3.55522682e-01 -1.41787758e-01 -9.23850558e-01 -5.67738364e-01 -2.96166914e-02 9.89639402e-01 -1.40487382e-01 -7.98167366e-02
-9.31966474e-01 2.81644341e-02 3.61448830e-01 1.45284252e-01 -3.61713116e-01 -1.39712403e-01 -9.21761392e-01 -5.89724017e-01 -2.45379967e-02 9.89791498e-01 -1.40394721e-01 -8.94726400e-02
-9.30425480e-01 3.33710545e-02 3.64958629e-01 1.55570852e-01 -3.65911854e-01 -1.40076481e-01 -9.20047333e-01 -6.11747155e-01 -2.04191708e-02 9.89578169e-01 -1.42541592e-01 -9.20630723e-02
-9.27587936e-01 3.94773115e-02 3.71513344e-01 1.42837280e-01 -3.73271507e-01 -1.39927317e-01 -9.17108896e-01 -6.21504755e-01 -1.57798720e-02 9.89374493e-01 -1.44530647e-01 -1.10578414e-01
-9.24528888e-01 4.25001798e-02 3.78734830e-01 1.57376825e-01 -3.80761664e-01 -1.45604001e-01 -9.13137465e-01 -6.42020474e-01 -1.63368002e-02 9.88429668e-01 -1.50797544e-01 -1.13089686e-01
-9.22074637e-01 4.77815718e-02 3.84051152e-01 1.70993102e-01 -3.86669381e-01 -1.55494267e-01 -9.09015029e-01 -6.58240276e-01 -1.62835854e-02 9.86680523e-01 -1.61852990e-01 -9.96451306e-02
-9.18077945e-01 5.36431843e-02 3.92753481e-01 1.54516957e-01 -3.96174572e-01 -1.57572443e-01 -9.04553278e-01 -6.40566644e-01 -1.33640074e-02 9.86049356e-01 -1.65915850e-01 -9.36855326e-02
-9.11648208e-01 6.39524813e-02 4.05965053e-01 1.71794680e-01 -4.10892309e-01 -1.61223501e-01 -8.97315157e-01 -6.58045885e-01 -8.06557656e-03 9.84843674e-01 -1.73256699e-01 -8.80128680e-02
-9.06084214e-01 6.52746071e-02 4.18031846e-01 1.83950219e-01 -4.22945841e-01 -1.66180793e-01 -8.90786595e-01 -6.79829335e-01 -1.13231188e-02 9.83932502e-01 -1.78181417e-01 -9.40590426e-02
-8.99188236e-01 6.93719602e-02 4.32027833e-01 1.84254890e-01 -4.37458921e-01 -1.63957169e-01 -8.84164995e-01 -7.02864817e-01 -9.49780133e-03 9.84025191e-01 -1.77775740e-01 -1.04440894e-01
-8.92107172e-01 7.25936258e-02 4.45953989e-01 2.00855432e-01 -4.51742896e-01 -1.61990792e-01 -8.77318264e-01 -7.20574737e-01 -8.55272587e-03 9.84118462e-01 -1.77306802e-01 -1.10685960e-01
-8.84317353e-01 7.32653646e-02 4.61101947e-01 1.86732222e-01 -4.66724691e-01 -1.64705240e-01 -8.68930518e-01 -7.00895209e-01 -1.22833959e-02 9.83618000e-01 -1.79846457e-01 -1.03791142e-01
-8.77126590e-01 7.01938000e-02 4.75101860e-01 1.98014708e-01 -4.79852299e-01 -1.68806731e-01 -8.60956479e-01 -7.21430481e-01 -1.97665849e-02 9.83146539e-01 -1.81747528e-01 -1.12312971e-01
-8.70888282e-01 6.91173904e-02 4.86596740e-01 2.06693183e-01 -4.90980620e-01 -1.67014912e-01 -8.55011140e-01 -7.37628556e-01 -2.21727728e-02 9.83528751e-01 -1.79386629e-01 -1.29782923e-01
-8.62427351e-01 7.07116436e-02 5.01217446e-01 2.15910395e-01 -5.05748235e-01 -1.61305469e-01 -8.47466382e-01 -7.60570334e-01 -2.09233743e-02 9.84368025e-01 -1.74876537e-01 -1.34537271e-01
-8.52652303e-01 7.33226421e-02 5.17308266e-01 2.23379223e-01 -5.22060413e-01 -1.59175393e-01 -8.37923695e-01 -7.82879162e-01 -2.09039672e-02 9.84523735e-01 -1.74000114e-01 -1.42414019e-01
-8.43150407e-01 7.46232585e-02 5.32474189e-01 2.33186161e-01 -5.37114708e-01 -1.62206994e-01 -8.27766078e-01 -8.05251729e-01 -2.46004357e-02 9.83931024e-01 -1.76846143e-01 -1.48719308e-01
-8.33563252e-01 7.47674505e-02 5.47340967e-01 2.17063097e-01 -5.51769685e-01 -1.60894448e-01 -8.18329512e-01 -7.85451511e-01 -2.68797117e-02 9.84135562e-01 -1.75370112e-01 -1.47107827e-01
-8.22725326e-01 7.40135022e-02 5.63600071e-01 2.33744076e-01 -5.67683679e-01 -1.58080021e-01 -8.07926944e-01 -8.03242554e-01 -2.92964088e-02 9.84648520e-01 -1.72072694e-01 -1.53064483e-01
-8.11430136e-01 7.31077722e-02 5.79858940e-01 2.54120476e-01 -5.83452770e-01 -1.59244165e-01 -7.96381918e-01 -8.17200155e-01 -3.41174449e-02 9.84528592e-01 -1.71870447e-01 -1.53336240e-01
-7.99055847e-01 7.07984943e-02 5.97073972e-01 2.69538592e-01 -5.99928570e-01 -1.59852421e-01 -7.83921497e-01 -8.36634305e-01 -3.99432581e-02 9.84598789e-01 -1.70205051e-01 -1.53863931e-01
-7.87728785e-01 6.76648004e-02 6.12294730e-01 2.80971874e-01 -6.14478013e-01 -1.56641507e-01 -7.73227140e-01 -8.58900856e-01 -4.35905095e-02 9.85334924e-01 -1.64969556e-01 -1.56943814e-01
-7.75558966e-01 6.43573599e-02 6.27986004e-01 2.89240997e-01 -6.29580343e-01 -1.51700073e-01 -7.61981416e-01 -8.81414142e-01 -4.62264104e-02 9.86329162e-01 -1.58170480e-01 -1.65067174e-01
-7.61911214e-01 6.47090450e-02 6.44440876e-01 3.03645405e-01 -6.45800708e-01 -1.51672526e-01 -7.48289308e-01 -9.01214957e-01 -4.93228889e-02 9.86310389e-01 -1.57350145e-01 -1.66801934e-01
-7.49933575e-01 6.33852140e-02 6.58469399e-01 3.14958647e-01 -6.59312545e-01 -1.52742841e-01 -7.36190594e-01 -9.23417671e-01 -5.39128883e-02 9.86231179e-01 -1.56337652e-01 -1.69841101e-01
-7.36677211e-01 6.32333427e-02 6.73281689e-01 3.23849133e-01 -6.74158186e-01 -1.46819278e-01 -7.23847248e-01 -9.45439529e-01 -5.30794501e-02 9.87140133e-01 -1.50787691e-01 -1.76783252e-01
-7.23308174e-01 6.26944972e-02 6.87673386e-01 3.41012519e-01 -6.88359131e-01 -1.44285562e-01 -7.10875082e-01 -9.63444362e-01 -5.46533853e-02 9.87548012e-01 -1.47519256e-01 -1.81666056e-01
-7.09207473e-01 6.16297441e-02 7.02300888e-01 3.48936646e-01 -7.02513266e-01 -1.45372164e-01 -6.96664944e-01 -9.85684369e-01 -5.91597180e-02 9.87455674e-01 -1.46394738e-01 -1.88571261e-01
-6.94376453e-01 6.01235496e-02 7.17095880e-01 3.57565275e-01 -7.16795240e-01 -1.45870499e-01 -6.81855102e-01 -1.00790653e+00 -6.36075850e-02 9.87475041e-01 -1.44385314e-01 -1.95784268e-01
-6.79264799e-01 5.63233567e-02 7.31728784e-01 3.67230036e-01 -7.30553323e-01 -1.46908321e-01 -6.66865644e-01 -1.02833959e+00 -6.99369360e-02 9.87545251e-01 -1.40936867e-01 -2.05674382e-01
-6.64397471e-01 5.55041301e-02 7.45315566e-01 3.79534577e-01 -7.43552075e-01 -1.49883022e-01 -6.51663556e-01 -1.04965636e+00 -7.55401306e-02 9.87144554e-01 -1.40852112e-01 -2.08718058e-01
-6.47601132e-01 5.14740835e-02 7.60238905e-01 3.76835746e-01 -7.57657444e-01 -1.49614888e-01 -6.35272053e-01 -1.06427172e+00 -8.10430122e-02 9.87403567e-01 -1.35890494e-01 -2.29233389e-01
-6.31679789e-01 4.96170432e-02 7.73639964e-01 3.88843382e-01 -7.70321285e-01 -1.52292149e-01 -6.19202889e-01 -1.08550752e+00 -8.70962762e-02 9.87089281e-01 -1.34420937e-01 -2.35855378e-01
-6.15008129e-01 4.90214171e-02 7.86995491e-01 4.03304762e-01 -7.82867010e-01 -1.57264533e-01 -6.01985971e-01 -1.10528135e+00 -9.42562726e-02 9.86339072e-01 -1.35096216e-01 -2.41099366e-01
-6.00494486e-01 4.75081652e-02 7.98216354e-01 4.23331531e-01 -7.93086900e-01 -1.62814053e-01 -5.86945271e-01 -1.12040425e+00 -1.02076147e-01 9.85512332e-01 -1.35447044e-01 -2.39809002e-01
-5.86470074e-01 4.32547622e-02 8.08815107e-01 4.40194673e-01 -8.02656420e-01 -1.64932784e-01 -5.73183956e-01 -1.13899703e+00 -1.08607192e-01 9.85355875e-01 -1.31446855e-01 -2.39156577e-01
-5.72218183e-01 3.98836216e-02 8.19131033e-01 4.51674260e-01 -8.11937172e-01 -1.68137282e-01 -5.59006155e-01 -1.16002507e+00 -1.15431275e-01 9.84956420e-01 -1.28594205e-01 -2.47862186e-01
-5.59027281e-01 3.52577376e-02 8.28399294e-01 4.69034666e-01 -8.19282029e-01 -1.77164981e-01 -5.45334325e-01 -1.17768088e+00 -1.27536091e-01 9.83549419e-01 -1.27926088e-01 -2.49830804e-01
-5.47042874e-01 3.37495114e-02 8.36423974e-01 4.81621518e-01 -8.26454817e-01 -1.80649799e-01 -5.33233611e-01 -1.19710102e+00 -1.33103449e-01 9.82968269e-01 -1.26715632e-01 -2.59579287e-01
-5.34048245e-01 3.08119697e-02 8.44892357e-01 4.96303523e-01 -8.33777046e-01 -1.84710765e-01 -5.20286238e-01 -1.21673411e+00 -1.40029670e-01 9.82309806e-01 -1.24334773e-01 -2.63989402e-01
-5.20861002e-01 2.89586173e-02 8.53150172e-01 5.03486309e-01 -8.41465679e-01 -1.85616001e-01 -5.07427050e-01 -1.23896580e+00 -1.43663937e-01 9.82195550e-01 -1.21047819e-01 -2.72598945e-01
-5.09468942e-01 2.63020413e-02 8.60086972e-01 5.17951288e-01 -8.47684514e-01 -1.87131540e-01 -4.96399788e-01 -1.25733664e+00 -1.47893072e-01 9.81982682e-01 -1.17633541e-01 -2.81566651e-01
-4.96475487e-01 2.56775896e-02 8.67670878e-01 5.27663609e-01 -8.55300948e-01 -1.85158535e-01 -4.83917971e-01 -1.28000126e+00 -1.48230821e-01 9.82373136e-01 -1.13888741e-01 -2.87895471e-01
-4.87707299e-01 2.41026711e-02 8.72674426e-01 5.45268105e-01 -8.59711315e-01 -1.87055785e-01 -4.75296315e-01 -1.29789337e+00 -1.51782889e-01 9.82053559e-01 -1.11949810e-01 -2.88738114e-01
-4.78405090e-01 2.12776218e-02 8.77881446e-01 5.55676096e-01 -8.64605858e-01 -1.86248756e-01 -4.66656307e-01 -1.32035358e+00 -1.53574990e-01 9.82272194e-01 -1.07499109e-01 -2.93731345e-01
-4.70512990e-01 2.05543350e-02 8.82153641e-01 5.70974403e-01 -8.68986878e-01 -1.84398816e-01 -4.59193728e-01 -1.34046352e+00 -1.53229665e-01 9.82636553e-01 -1.04623486e-01 -2.94226814e-01
-4.62080494e-01 1.47748577e-02 8.86714905e-01 5.81646394e-01 -8.72630764e-01 -1.85829628e-01 -4.51644658e-01 -1.36018316e+00 -1.58104915e-01 9.82470891e-01 -9.87612416e-02 -3.05779946e-01
-4.50405599e-01 7.44047905e-03 8.92793053e-01 5.81451149e-01 -8.78699441e-01 -1.80860314e-01 -4.41788228e-01 -1.38272270e+00 -1.58183716e-01 9.83480648e-01 -8.79984427e-02 -3.16906948e-01
-4.47073103e-01 4.50520901e-03 8.94486078e-01 5.99970471e-01 -8.80706771e-01 -1.77133978e-01 -4.39293907e-01 -1.39946630e+00 -1.56464766e-01 9.84176436e-01 -8.31596052e-02 -3.20049666e-01
-4.44029017e-01 6.84328471e-03 8.95986274e-01 5.85301179e-01 -8.82533744e-01 -1.76134494e-01 -4.36017006e-01 -1.38027385e+00 -1.54830300e-01 9.84342323e-01 -8.42482559e-02 -3.12400487e-01
-4.42313042e-01 7.50132765e-03 8.96829361e-01 5.96418169e-01 -8.83215111e-01 -1.77413570e-01 -4.34114607e-01 -1.40242582e+00 -1.55853263e-01 9.84107796e-01 -8.50976220e-02 -3.16847124e-01
-4.45455134e-01 7.55322345e-03 8.95272401e-01 5.82187280e-01 -8.82461740e-01 -1.72466829e-01 -4.37625947e-01 -1.38177872e+00 -1.51099305e-01 9.84986366e-01 -8.34916650e-02 -3.13968197e-01
-4.46483742e-01 7.84051641e-03 8.94757395e-01 5.97992219e-01 -8.82484524e-01 -1.69137895e-01 -4.38877473e-01 -1.40082162e+00 -1.47896356e-01 9.85561210e-01 -8.24364544e-02 -3.19860903e-01
-4.48009091e-01 5.21440656e-03 8.94013795e-01 6.01836024e-01 -8.82107276e-01 -1.65338542e-01 -4.41078134e-01 -1.42624068e+00 -1.45514977e-01 9.86223086e-01 -7.86728357e-02 -3.22938637e-01
-4.57087573e-01 3.12744237e-03 8.89416196e-01 6.22154967e-01 -8.77460952e-01 -1.65030947e-01 -4.50363255e-01 -1.44091146e+00 -1.45372712e-01 9.86283430e-01 -7.81778038e-02 -3.22469035e-01
-4.65138820e-01 9.78210404e-04 8.85237212e-01 6.29293408e-01 -8.72973374e-01 -1.66388418e-01 -4.58511048e-01 -1.46365604e+00 -1.46844699e-01 9.86059803e-01 -7.82476640e-02 -3.31135308e-01
-4.74946822e-01 5.16473675e-04 8.80014347e-01 6.44831450e-01 -8.67810480e-01 -1.66237573e-01 -4.68262788e-01 -1.48393317e+00 -1.46049604e-01 9.86085595e-01 -7.94022081e-02 -3.32233401e-01
-4.85869111e-01 2.08101437e-03 8.74029105e-01 6.56011410e-01 -8.62572793e-01 -1.62537168e-01 -4.79113604e-01 -1.50701131e+00 -1.41065173e-01 9.86700227e-01 -8.07668157e-02 -3.34796215e-01
-4.98806575e-01 2.91499029e-03 8.66708431e-01 6.67689745e-01 -8.55945916e-01 -1.58793439e-01 -4.92078482e-01 -1.52937539e+00 -1.36193209e-01 9.87307523e-01 -8.17022856e-02 -3.39586457e-01
-5.10006559e-01 5.48623506e-03 8.60153017e-01 6.82359081e-01 -8.50033132e-01 -1.56285687e-01 -5.03009399e-01 -1.54947398e+00 -1.31669978e-01 9.87696655e-01 -8.43702071e-02 -3.45159661e-01
-5.23291708e-01 8.14290505e-03 8.52114712e-01 6.95660964e-01 -8.42487795e-01 -1.55126623e-01 -5.15897319e-01 -1.57091713e+00 -1.27984775e-01 9.87861034e-01 -8.80367734e-02 -3.47341341e-01
-5.37906077e-01 1.25655506e-02 8.42911123e-01 7.07165325e-01 -8.34159710e-01 -1.52397871e-01 -5.30049494e-01 -1.59330362e+00 -1.21797497e-01 9.88239341e-01 -9.24574170e-02 -3.51890160e-01
-5.43307768e-01 1.13677395e-02 8.39456636e-01 7.00195991e-01 -8.32012736e-01 -1.40831962e-01 -5.36582859e-01 -1.60585940e+00 -1.12122591e-01 9.89968247e-01 -8.59732034e-02 -3.72970127e-01
-5.55360584e-01 1.46744467e-02 8.31480177e-01 7.13485278e-01 -8.24581898e-01 -1.39427913e-01 -5.48292395e-01 -1.62624003e+00 -1.07885658e-01 9.90123485e-01 -8.95330502e-02 -3.79708537e-01
-5.70531077e-01 1.45401808e-02 8.21147291e-01 7.28545805e-01 -8.14645000e-01 -1.36817773e-01 -5.63590649e-01 -1.64581843e+00 -1.04152834e-01 9.90489515e-01 -8.99038773e-02 -3.84957349e-01
-5.88379531e-01 1.52216838e-02 8.08441605e-01 7.46988623e-01 -8.02544428e-01 -1.32976107e-01 -5.81583867e-01 -1.66376602e+00 -9.86507318e-02 9.91002348e-01 -9.04564971e-02 -3.85499149e-01
-6.06627634e-01 2.08116554e-02 7.94713653e-01 7.63473155e-01 -7.89990429e-01 -1.27673215e-01 -5.99678807e-01 -1.68258348e+00 -8.89833383e-02 9.91597915e-01 -9.38911089e-02 -3.89360577e-01
-6.21363786e-01 2.64206743e-02 7.83076621e-01 7.78755169e-01 -7.79211699e-01 -1.25528095e-01 -6.14061743e-01 -1.70170141e+00 -8.20741911e-02 9.91738194e-01 -9.85859107e-02 -3.95457344e-01
-6.34224918e-01 3.33228374e-02 7.72430154e-01 7.92702657e-01 -7.69630066e-01 -1.22417124e-01 -6.26644723e-01 -1.72237645e+00 -7.36770974e-02 9.91919168e-01 -1.03286248e-01 -4.00275537e-01
-6.45805615e-01 3.73059160e-02 7.62589914e-01 8.01330352e-01 -7.60640555e-01 -1.17827441e-01 -6.38390664e-01 -1.74495882e+00 -6.60382695e-02 9.92333091e-01 -1.04470015e-01 -4.07787328e-01
-6.55421676e-01 4.42985285e-02 7.53962909e-01 8.03060067e-01 -7.53264708e-01 -1.10913931e-01 -6.48298063e-01 -1.76779307e+00 -5.49063401e-02 9.92842253e-01 -1.06063913e-01 -4.17968095e-01
-6.65155227e-01 5.30025100e-02 7.44821630e-01 8.16597433e-01 -7.45287529e-01 -1.08558706e-01 -6.57846110e-01 -1.78826474e+00 -4.59893776e-02 9.92676050e-01 -1.11710501e-01 -4.22422037e-01
-6.76177876e-01 5.76445365e-02 7.34479808e-01 8.26915759e-01 -7.35558867e-01 -1.09212065e-01 -6.68599938e-01 -1.81018238e+00 -4.16729231e-02 9.92345621e-01 -1.16247732e-01 -4.28692786e-01
-6.88371737e-01 6.24387163e-02 7.22665731e-01 8.47536639e-01 -7.24413386e-01 -1.10008791e-01 -6.80531638e-01 -1.81192990e+00 -3.70080617e-02 9.91967475e-01 -1.20958385e-01 -4.14821764e-01
-6.98979636e-01 6.43144625e-02 7.12243722e-01 8.60178027e-01 -7.14451534e-01 -1.06541181e-01 -6.91525835e-01 -1.83275460e+00 -3.14081746e-02 9.92226096e-01 -1.20419682e-01 -4.21503346e-01
-7.08179006e-01 6.75720896e-02 7.02791939e-01 8.72576299e-01 -7.05584477e-01 -1.03207046e-01 -7.01069791e-01 -1.85436152e+00 -2.51603293e-02 9.92361989e-01 -1.20766881e-01 -4.26836887e-01
-7.16463073e-01 6.65211028e-02 6.94446260e-01 8.73405764e-01 -6.97258083e-01 -1.00563220e-01 -7.09731078e-01 -1.87452951e+00 -2.26236579e-02 9.92704377e-01 -1.18432210e-01 -4.41571922e-01
-7.26401062e-01 6.46950562e-02 6.84219298e-01 8.83269232e-01 -6.86875860e-01 -1.02095803e-01 -7.19567925e-01 -1.89675835e+00 -2.33034314e-02 9.92668623e-01 -1.18599972e-01 -4.47805121e-01
-7.36690615e-01 6.48017565e-02 6.73117875e-01 8.95832462e-01 -6.75891858e-01 -1.02032302e-01 -7.29903832e-01 -1.91778108e+00 -2.13807159e-02 9.92668193e-01 -1.18965219e-01 -4.51022958e-01
-7.46681346e-01 6.40212710e-02 6.62093835e-01 9.08949790e-01 -6.64880565e-01 -1.01790096e-01 -7.39981492e-01 -1.93860640e+00 -2.00200393e-02 9.92743699e-01 -1.18571265e-01 -4.54145104e-01
-7.56976964e-01 6.42202273e-02 6.50278125e-01 9.21425288e-01 -6.53283426e-01 -9.62700702e-02 -7.50967934e-01 -1.96078448e+00 -1.43749895e-02 9.93281347e-01 -1.14828236e-01 -4.57645980e-01
-7.64760802e-01 6.77736746e-02 6.40739920e-01 9.31121531e-01 -6.44287733e-01 -8.94701252e-02 -7.59531707e-01 -1.98311309e+00 -5.85082621e-03 9.93680947e-01 -1.12088992e-01 -4.63936304e-01
-7.71848400e-01 6.97896947e-02 6.31964752e-01 9.40415465e-01 -6.35804367e-01 -8.73629456e-02 -7.66890162e-01 -2.00632500e+00 -1.68927190e-03 9.93728894e-01 -1.11803542e-01 -4.68224557e-01
-7.80361252e-01 6.98119648e-02 6.21419832e-01 9.48658156e-01 -6.25328719e-01 -8.62365042e-02 -7.75581883e-01 -2.02931895e+00 5.55821135e-04 9.93825716e-01 -1.10951053e-01 -4.73051707e-01
-7.89497075e-01 6.84312969e-02 6.09927478e-01 9.60865243e-01 -6.13751662e-01 -8.50990355e-02 -7.84899389e-01 -2.05062906e+00 1.80744294e-03 9.94019773e-01 -1.09185262e-01 -4.78171629e-01
-7.96784961e-01 6.88222307e-02 6.00330932e-01 9.68840939e-01 -6.04239430e-01 -8.19780635e-02 -7.92574481e-01 -2.07305088e+00 5.33277643e-03 9.94255046e-01 -1.06903994e-01 -4.85762060e-01
-8.04695181e-01 6.86594842e-02 5.89704621e-01 9.63149432e-01 -5.93645992e-01 -8.12132534e-02 -8.00617788e-01 -2.04907871e+00 7.07817335e-03 9.94329061e-01 -1.06111341e-01 -4.80834133e-01
-8.11638001e-01 7.08461992e-02 5.79848749e-01 9.72292538e-01 -5.84020598e-01 -7.66702697e-02 -8.08109900e-01 -2.07128808e+00 1.27943549e-02 9.94536317e-01 -1.03604144e-01 -4.86951596e-01
-8.17327538e-01 7.29613944e-02 5.71535066e-01 9.70627432e-01 -5.75944913e-01 -7.55299354e-02 -8.13991821e-01 -2.04843804e+00 1.62219716e-02 9.94470644e-01 -1.03754440e-01 -4.77530904e-01
-8.21992458e-01 7.75857479e-02 5.64188668e-01 9.80501402e-01 -5.69083271e-01 -7.40845743e-02 -8.18935715e-01 -2.07092421e+00 2.17400626e-02 9.94229313e-01 -1.05049712e-01 -4.82337859e-01
-8.25969426e-01 7.91694165e-02 5.58127864e-01 9.74501065e-01 -5.63324631e-01 -7.90844326e-02 -8.22442102e-01 -2.09504821e+00 2.09730359e-02 9.93719203e-01 -1.09919406e-01 -4.86571288e-01
-8.32698501e-01 7.69538702e-02 5.48353270e-01 9.70923756e-01 -5.53413806e-01 -8.23743664e-02 -8.28823035e-01 -2.07078307e+00 1.86108870e-02 9.93625968e-01 -1.11180346e-01 -4.83354754e-01
-8.38336551e-01 7.79886119e-02 5.39545739e-01 9.78185877e-01 -5.44768066e-01 -8.26584708e-02 -8.34503045e-01 -2.09399662e+00 2.04837082e-02 9.93521692e-01 -1.11781323e-01 -4.87636290e-01
-8.46065253e-01 7.75229239e-02 5.27412349e-01 9.92605362e-01 -5.32717697e-01 -8.65179956e-02 -8.41858949e-01 -2.11469529e+00 1.96327080e-02 9.93229496e-01 -1.14497703e-01 -4.90789151e-01
-8.52719807e-01 7.45454565e-02 5.17022152e-01 1.00290308e+00 -5.22077858e-01 -8.86043169e-02 -8.48282962e-01 -2.13644564e+00 1.74252461e-02 9.93273502e-01 -1.14473188e-01 -4.97559598e-01
-8.58990993e-01 6.88883708e-02 5.07335065e-01 1.01126358e+00 -5.11827202e-01 -9.05003371e-02 -8.54308260e-01 -2.15904309e+00 1.29379097e-02 9.93510986e-01 -1.12997917e-01 -5.04282810e-01
-8.64322533e-01 6.40455383e-02 4.98843391e-01 1.01566895e+00 -5.02842785e-01 -9.07524837e-02 -8.59600558e-01 -2.18159991e+00 9.78230373e-03 9.93811931e-01 -1.10644253e-01 -5.13518886e-01
-8.71011750e-01 5.73536431e-02 4.87902751e-01 1.02909884e+00 -4.91259258e-01 -9.82604108e-02 -8.65453194e-01 -2.16416108e+00 1.69536883e-03 9.93506643e-01 -1.13761480e-01 -5.01562746e-01
-8.77456278e-01 5.32848007e-02 4.76687750e-01 1.03497802e+00 -4.79644074e-01 -1.04663479e-01 -8.71198666e-01 -2.18731295e+00 -3.47015083e-03 9.93079194e-01 -1.17395365e-01 -5.08579416e-01
-8.84113781e-01 5.17665437e-02 4.64395358e-01 1.03479431e+00 -4.67236953e-01 -1.10055259e-01 -8.77255646e-01 -2.21046644e+00 -5.69665878e-03 9.92576478e-01 -1.21488613e-01 -5.17710118e-01
-8.89821472e-01 5.37374864e-02 4.53133569e-01 1.03118883e+00 -4.56294703e-01 -1.12601192e-01 -8.82675543e-01 -2.23219551e+00 -3.59061509e-03 9.92186098e-01 -1.24715089e-01 -5.28547143e-01
-8.91379717e-01 5.79393608e-02 4.49538910e-01 1.01328081e+00 -4.53249858e-01 -1.08250369e-01 -8.84786089e-01 -2.24318836e+00 2.60118746e-03 9.92433820e-01 -1.22753191e-01 -5.42579294e-01
-8.95332590e-01 6.60643886e-02 4.40471397e-01 1.00709330e+00 -4.45275459e-01 -1.09549936e-01 -8.88666740e-01 -2.21915440e+00 1.04556115e-02 9.91783397e-01 -1.27500479e-01 -5.38974130e-01
-8.98318266e-01 6.91781717e-02 4.33864810e-01 9.87421535e-01 -4.39138251e-01 -1.11066083e-01 -8.91527857e-01 -2.23218265e+00 1.34866019e-02 9.91402393e-01 -1.30151473e-01 -5.46996227e-01
-9.03892220e-01 6.87782325e-02 4.22194753e-01 9.86482794e-01 -4.27533114e-01 -1.13095201e-01 -8.96897380e-01 -2.20981824e+00 1.39388160e-02 9.91200802e-01 -1.31630844e-01 -5.36884695e-01
-9.10269095e-01 6.85649429e-02 4.08300165e-01 9.99253482e-01 -4.13673907e-01 -1.10476176e-01 -9.03697356e-01 -2.23098286e+00 1.68545165e-02 9.91510899e-01 -1.28926577e-01 -5.39187539e-01
-9.15499702e-01 7.01702736e-02 3.96152029e-01 1.01135913e+00 -4.01730829e-01 -1.06234176e-01 -9.09574978e-01 -2.25222596e+00 2.17402408e-02 9.91862103e-01 -1.25446918e-01 -5.43375390e-01
-9.20087077e-01 6.89277867e-02 3.85601780e-01 1.00695147e+00 -3.90981056e-01 -1.01413217e-01 -9.14794607e-01 -2.27516337e+00 2.39496507e-02 9.92453686e-01 -1.20258449e-01 -5.52457847e-01
-9.24900347e-01 6.91822444e-02 3.73862496e-01 1.00727825e+00 -3.79237414e-01 -9.75893273e-02 -9.20138743e-01 -2.25374426e+00 2.71722738e-02 9.92819288e-01 -1.16496898e-01 -5.39433802e-01
-9.28941910e-01 7.70545709e-02 3.62118104e-01 1.02831486e+00 -3.68419395e-01 -9.59005964e-02 -9.24700072e-01 -2.26534964e+00 3.65250250e-02 9.92403985e-01 -1.17474482e-01 -5.33656098e-01
-9.32417770e-01 7.82431925e-02 3.52810298e-01 1.03146816e+00 -3.59388404e-01 -9.83535195e-02 -9.27990603e-01 -2.28723314e+00 3.79088129e-02 9.92070858e-01 -1.19826265e-01 -5.45360727e-01
-9.36157557e-01 7.93256298e-02 3.42514925e-01 1.04063267e+00 -3.49267144e-01 -9.82511215e-02 -9.31857918e-01 -2.30921434e+00 4.02677407e-02 9.91995041e-01 -1.19684366e-01 -5.53737187e-01
-9.39162923e-01 8.04938635e-02 3.33906786e-01 1.03595394e+00 -3.40716283e-01 -9.54318057e-02 -9.35310207e-01 -2.33253500e+00 4.34214045e-02 9.92176147e-01 -1.17051584e-01 -5.60691918e-01
-9.42683818e-01 8.35469922e-02 3.23059006e-01 1.03525092e+00 -3.30218303e-01 -9.43326902e-02 -9.39179011e-01 -2.35677849e+00 4.79905562e-02 9.92028851e-01 -1.16514647e-01 -5.54154972e-01
-9.47828964e-01 8.12280428e-02 3.08256811e-01 1.03526435e+00 -3.15156354e-01 -9.33969285e-02 -9.44432891e-01 -2.38146581e+00 4.79241959e-02 9.92309940e-01 -1.14123848e-01 -5.54984521e-01
-9.52159760e-01 8.11822308e-02 2.94620497e-01 1.03300847e+00 -3.01379989e-01 -8.97717598e-02 -9.49268736e-01 -2.40474306e+00 5.06151530e-02 9.92648213e-01 -1.09943757e-01 -5.62098516e-01
-9.56743979e-01 8.10369021e-02 2.79417216e-01 1.04069334e+00 -2.86100960e-01 -8.77863389e-02 -9.54169691e-01 -2.42696617e+00 5.27939413e-02 9.92837640e-01 -1.07173787e-01 -5.69278603e-01
