8.35375522e-01 -5.38562801e-01 -1.09990214e-01 0.00000000e+00 5.49491341e-01 8.12962741e-01 1.92745554e-01 0.00000000e+00 -1.43876398e-02 -2.21453587e-01 9.75064769e-01 0.00000000e+00
8.35365968e-01 -1.12940129e-01 -5.37966754e-01 1.64806321e-02 5.49594187e-01 1.90269972e-01 8.13476225e-01 -1.78534226e-02 -1.04848090e-02 9.75213754e-01 -2.21016297e-01 8.89017167e-03
8.34910735e-01 -1.16068307e-01 -5.38007633e-01 4.58583715e-05 5.50353624e-01 1.86560659e-01 8.13821854e-01 -1.85242214e-03 -5.91213393e-03 9.75563052e-01 -2.19640109e-01 -1.48649507e-03
8.35515627e-01 -1.18637347e-01 -5.36506120e-01 6.18272874e-03 5.49449970e-01 1.88009572e-01 8.14098970e-01 -2.47855272e-03 -4.28574399e-03 9.74975682e-01 -2.22270221e-01 2.30737839e-02
8.35971142e-01 -1.18669707e-01 -5.35788905e-01 1.62629627e-02 5.48767411e-01 1.85336379e-01 8.15171611e-01 -2.32991394e-02 -2.56499959e-03 9.75483433e-01 -2.20057931e-01 3.33935898e-02
8.36219989e-01 -1.17137964e-01 -5.35737649e-01 2.03689532e-02 5.48390444e-01 1.82202663e-01 8.16131184e-01 -2.59013272e-02 -2.01288119e-03 9.76258617e-01 -2.16598847e-01 8.52125467e-03
8.35866543e-01 -1.18584075e-01 -5.35971026e-01 3.89963335e-02 5.48931368e-01 1.82730855e-01 8.15649305e-01 -4.19377439e-02 -1.21542546e-03 9.75985272e-01 -2.17833126e-01 1.38125555e-02
8.35983163e-01 -1.17872035e-01 -5.35946206e-01 2.07886630e-02 5.48752087e-01 1.82800613e-01 8.15754304e-01 -2.59088404e-02 -1.81667578e-03 9.76058461e-01 -2.17500758e-01 7.73312041e-03
8.37233348e-01 -1.14663482e-01 -5.34689262e-01 3.07434671e-03 5.46837962e-01 1.80782403e-01 8.17487594e-01 -1.48126345e-02 -2.92643589e-03 9.76816261e-01 -2.14059400e-01 -5.80900638e-03
8.34117491e-01 -1.12550175e-01 -5.39981917e-01 2.70686995e-02 5.51569650e-01 1.77917531e-01 8.14933295e-01 -6.32133396e-03 -4.35136489e-03 9.77587750e-01 -2.10483384e-01 -2.64519612e-03
8.40418914e-01 -1.17694787e-01 -5.29002824e-01 1.09593530e-02 5.41935111e-01 1.85298614e-01 8.19738227e-01 -1.41468874e-02 -1.54457467e-03 9.75608712e-01 -2.19511396e-01 1.62955425e-02
8.41876290e-01 -1.18895952e-01 -5.26410548e-01 1.62399793e-02 5.39667345e-01 1.88841165e-01 8.20425604e-01 -1.53619652e-02 -1.86269866e-03 9.74783446e-01 -2.23145161e-01 4.15312908e-02
8.42664243e-01 -1.16112431e-01 -5.25770745e-01 3.40587442e-02 5.38416632e-01 1.90686810e-01 8.20820364e-01 -3.23557018e-02 -4.95009870e-03 9.74759684e-01 -2.23201820e-01 4.90119023e-02
8.43771930e-01 -1.18124160e-01 -5.23541415e-01 1.85462393e-02 5.36700519e-01 1.87921280e-01 8.22580176e-01 -1.34136213e-02 -1.21798077e-03 9.75055012e-01 -2.21959998e-01 4.11168828e-02
8.45101352e-01 -1.16024963e-01 -5.21863884e-01 2.92599712e-02 5.34589855e-01 1.91020836e-01 8.23240383e-01 -3.08017694e-02 -4.17044030e-03 9.74704698e-01 -2.23457734e-01 5.63383013e-02
8.45440121e-01 -1.16780440e-01 -5.21146172e-01 4.39516827e-02 5.34064820e-01 1.89252341e-01 8.23989272e-01 -4.84298691e-02 -2.40230377e-03 9.74959425e-01 -2.22369846e-01 6.70625747e-02
8.45324535e-01 -1.15346333e-01 -5.21652810e-01 5.87667838e-02 5.34240734e-01 1.89160370e-01 8.23896349e-01 -6.66285897e-02 -3.64261620e-03 9.75147977e-01 -2.21524611e-01 7.65642596e-02
8.47264174e-01 -1.13320855e-01 -5.18942967e-01 4.88709466e-02 5.31170688e-01 1.82702066e-01 8.27331648e-01 -6.86075194e-02 -1.05802244e-03 9.76615758e-01 -2.14989631e-01 5.35957433e-02
8.49195568e-01 -1.11936668e-01 -5.16078550e-01 2.83928901e-02 5.28077419e-01 1.81968425e-01 8.29470754e-01 -5.49001032e-02 -1.06180877e-03 9.76912317e-01 -2.13638006e-01 4.73389538e-02
8.51424986e-01 -1.10859079e-01 -5.12626334e-01 9.71782083e-03 5.24476399e-01 1.79986006e-01 8.32183601e-01 -4.02327613e-02 -1.04592651e-05 9.77402323e-01 -2.11387553e-01 3.91824735e-02
8.51710933e-01 -1.08512468e-01 -5.12653422e-01 2.14433474e-02 5.24011669e-01 1.77319870e-01 8.33048279e-01 -6.15805710e-02 -5.07513364e-04 9.78152702e-01 -2.07887070e-01 4.56101447e-02
8.51813980e-01 -1.03216210e-01 -5.13575076e-01 3.64654392e-02 5.23822248e-01 1.76844980e-01 8.33268328e-01 -8.03617613e-02 -4.81637489e-03 9.78811661e-01 -2.04705972e-01 5.49658764e-02
8.50494411e-01 -9.73574307e-02 -5.16895335e-01 3.01814430e-02 5.25912772e-01 1.73583328e-01 8.32637127e-01 -5.70097652e-02 -8.66100155e-03 9.79995081e-01 -1.98833166e-01 4.86954353e-02
8.51872888e-01 -9.72027182e-02 -5.14649604e-01 1.49939862e-02 5.23713150e-01 1.69519516e-01 8.34857875e-01 -3.74878665e-02 -6.09269712e-03 9.80721553e-01 -1.95315420e-01 4.24734698e-02
8.53923905e-01 -9.63922694e-02 -5.11392701e-01 1.88847843e-02 5.20341069e-01 1.72674829e-01 8.36318465e-01 -5.68085002e-02 -7.69001266e-03 9.80250955e-01 -1.97608020e-01 5.81328929e-02
8.54009883e-01 -9.52417059e-02 -5.11464700e-01 2.52593848e-02 5.20179626e-01 1.73248555e-01 8.36300242e-01 -8.06537899e-02 -8.95985878e-03 9.80262187e-01 -1.97498772e-01 5.09808933e-02
8.56463312e-01 -9.23084282e-02 -5.07887537e-01 -2.49955026e-04 5.16093610e-01 1.73821728e-01 8.38709362e-01 -7.60464911e-02 -1.08619467e-02 9.80441309e-01 -1.96511722e-01 5.10411720e-02
8.58047749e-01 -9.06432705e-02 -5.05507525e-01 1.65681237e-02 5.13444709e-01 1.73139123e-01 8.40474494e-01 -9.33773434e-02 -1.13397728e-02 9.80717412e-01 -1.95101941e-01 5.89111161e-02
8.56739992e-01 -9.30651951e-02 -5.07282422e-01 3.41819309e-02 5.15658374e-01 1.72963121e-01 8.39154456e-01 -1.09429958e-01 -9.64507795e-03 9.80521610e-01 -1.96174269e-01 6.86003159e-02
8.54685970e-01 -9.67520808e-02 -5.10049928e-01 3.16086356e-02 5.19062754e-01 1.76785673e-01 8.36253959e-01 -8.39663913e-02 -9.26020962e-03 9.79482445e-01 -2.01316635e-01 6.83236402e-02
8.55370563e-01 -9.84720745e-02 -5.08570990e-01 1.28598830e-02 5.17935330e-01 1.79966042e-01 8.36274607e-01 -6.77122456e-02 -9.17581288e-03 9.78731564e-01 -2.04939820e-01 6.08794128e-02
8.56397986e-01 -1.00921771e-01 -5.06356877e-01 2.59233388e-02 5.16268542e-01 1.80714794e-01 8.37143331e-01 -8.36679301e-02 -7.02019105e-03 9.78343987e-01 -2.06866521e-01 7.67763035e-02
8.57238651e-01 -1.04524524e-01 -5.04198888e-01 1.29696793e-02 5.14903165e-01 1.81760814e-01 8.37757565e-01 -6.40130445e-02 -4.07738957e-03 9.77771768e-01 -2.09632402e-01 6.75740819e-02
8.57805198e-01 -1.03190263e-01 -5.03509696e-01 2.50221619e-02 5.13930728e-01 1.85055780e-01 8.37633313e-01 -8.47435606e-02 -6.74177817e-03 9.77295312e-01 -2.11774456e-01 7.62933337e-02
8.57316624e-01 -1.05745493e-01 -5.03811570e-01 2.53886498e-02 5.14780503e-01 1.81881950e-01 8.37806655e-01 -7.46448961e-02 -3.03995316e-03 9.77617945e-01 -2.10366136e-01 5.27029264e-02
8.59081143e-01 -1.11235995e-01 -4.99605988e-01 4.08529330e-03 5.11813487e-01 1.76865756e-01 8.40693440e-01 -6.44525078e-02 5.15218033e-03 9.77928963e-01 -2.08874118e-01 4.27161337e-02
8.61475954e-01 -1.15739784e-01 -4.94432486e-01 -8.30047007e-03 5.07717383e-01 1.78931634e-01 8.42737522e-01 -4.62579819e-02 9.06864592e-03 9.77030078e-01 -2.12908400e-01 3.04038361e-02
8.63344869e-01 -1.16374977e-01 -4.91011713e-01 7.89512911e-03 5.04568715e-01 1.86002791e-01 8.43097488e-01 -6.50885003e-02 6.78590149e-03 9.75633039e-01 -2.19303727e-01 3.66201533e-02
8.63559057e-01 -1.23053449e-01 -4.89002664e-01 4.89332491e-03 5.04140921e-01 1.90735315e-01 8.42295656e-01 -7.40609762e-02 1.03773082e-02 9.73898294e-01 -2.26747487e-01 6.02930610e-02
8.61409521e-01 -1.22927940e-01 -4.92810672e-01 -1.22850053e-02 5.07819734e-01 1.90048325e-01 8.40238509e-01 -5.74002154e-02 9.63094593e-03 9.74048436e-01 -2.26134669e-01 5.22953488e-02
8.58596075e-01 -1.24234304e-01 -4.97371711e-01 1.21321518e-02 5.12543292e-01 1.87982443e-01 8.37831711e-01 -6.45364073e-02 1.05902899e-02 9.74283551e-01 -2.25076446e-01 5.70151220e-02
8.54422331e-01 -1.26124330e-01 -5.04038822e-01 2.59723750e-02 5.19470397e-01 1.87515745e-01 8.33659615e-01 -8.35486013e-02 1.06295450e-02 9.74130637e-01 -2.25735495e-01 6.71820915e-02
8.49295114e-01 -1.26856277e-01 -5.12450285e-01 1.94742176e-02 5.27835152e-01 1.86814047e-01 8.28547261e-01 -5.90263842e-02 9.37350872e-03 9.74170415e-01 -2.25619459e-01 6.16329651e-02
8.46699971e-01 -1.30825980e-01 -5.15736097e-01 4.29573957e-03 5.31889469e-01 1.82824114e-01 8.26842752e-01 -4.02030405e-02 1.38835178e-02 9.74402333e-01 -2.24382132e-01 5.14643293e-02
8.44779737e-01 -1.34566152e-01 -5.17918088e-01 1.07807275e-03 5.34858225e-01 1.82404119e-01 8.25018435e-01 -1.45185386e-02 1.65491633e-02 9.73971605e-01 -2.26065116e-01 4.82264291e-02
8.44895348e-01 -1.36091477e-01 -5.17330611e-01 -1.25080305e-02 5.34657967e-01 1.83908364e-01 8.24814265e-01 4.98232923e-03 1.71087652e-02 9.73476668e-01 -2.28145713e-01 3.76622845e-02
8.44758374e-01 -1.33227022e-01 -5.18298998e-01 1.10795802e-02 5.34985111e-01 1.86353447e-01 8.24052987e-01 -2.98420224e-03 1.31993202e-02 9.73407907e-01 -2.28698107e-01 4.46003138e-02
8.45595582e-01 -1.30486253e-01 -5.17630612e-01 -4.42851865e-03 5.33689618e-01 1.84882743e-01 8.25223463e-01 1.57874071e-02 1.19793496e-02 9.74059397e-01 -2.25975188e-01 3.52215843e-02
8.45910221e-01 -1.29258543e-01 -5.17424513e-01 -2.06937686e-02 5.33136948e-01 1.79161612e-01 8.26841044e-01 3.32195672e-02 1.41736586e-02 9.75291415e-01 -2.20467143e-01 2.49432353e-02
8.46561485e-01 -1.30005656e-01 -5.16170690e-01 -3.49502376e-02 5.32004054e-01 1.74817375e-01 8.28498988e-01 5.16348902e-02 1.74739489e-02 9.75980232e-01 -2.17157192e-01 1.47415879e-02
8.47174984e-01 -1.27298789e-01 -5.15838701e-01 -2.60444788e-02 5.31101850e-01 1.75463356e-01 8.28941154e-01 3.56268799e-02 1.50124155e-02 9.76221096e-01 -2.16256787e-01 3.28330136e-02
8.47327332e-01 -1.23997398e-01 -5.16392330e-01 -4.35551721e-02 5.30901470e-01 1.73209380e-01 8.29543333e-01 5.30017368e-02 1.34172193e-02 9.77048185e-01 -2.12595442e-01 2.57737137e-02
8.47632894e-01 -1.22404371e-01 -5.16270906e-01 -5.54711870e-02 5.30380456e-01 1.68579302e-01 8.30829460e-01 7.15788572e-02 1.46645680e-02 9.78058377e-01 -2.07814246e-01 1.16515855e-02
8.47034044e-01 -1.24560781e-01 -5.16737786e-01 -6.15440182e-02 5.31235687e-01 1.65562999e-01 8.30889607e-01 9.47863906e-02 1.79436003e-02 9.78301336e-01 -2.06408628e-01 3.08532373e-03
8.46256367e-01 -1.27577064e-01 -5.17275802e-01 -4.70689612e-02 5.32409433e-01 1.66497702e-01 8.29951030e-01 7.76726686e-02 1.97574832e-02 9.77753858e-01 -2.08822972e-01 1.49815279e-02
8.45587976e-01 -1.26164603e-01 -5.18713281e-01 -6.53186384e-02 5.33540891e-01 1.67422715e-01 8.29037847e-01 9.53082412e-02 1.77508447e-02 9.77779181e-01 -2.08884608e-01 1.00268189e-02
8.44704507e-01 -1.27697228e-01 -5.19776600e-01 -6.07104194e-02 5.34859747e-01 1.65132966e-01 8.28647184e-01 7.17669844e-02 1.99836963e-02 9.77969591e-01 -2.07788667e-01 2.04239442e-02
8.44116348e-01 -1.29263884e-01 -5.20344539e-01 -7.11593692e-02 5.35718818e-01 1.63977719e-01 8.28321590e-01 9.47854760e-02 2.17471546e-02 9.77958156e-01 -2.07665368e-01 1.46707436e-02
8.44057956e-01 -1.29976479e-01 -5.20261744e-01 -6.87027328e-02 5.35836758e-01 1.66253207e-01 8.27791544e-01 7.23761570e-02 2.10982471e-02 9.77479404e-01 -2.09973516e-01 2.74455953e-02
8.42320603e-01 -1.30776927e-01 -5.22870345e-01 -7.49703621e-02 5.38556073e-01 1.65896105e-01 8.26096750e-01 9.63860770e-02 2.12922397e-02 9.77433311e-01 -2.10168415e-01 1.88473553e-02
8.39196682e-01 -1.33009122e-01 -5.27311580e-01 -6.89106478e-02 5.43334975e-01 1.63784031e-01 8.23384416e-01 1.20488928e-01 2.31524221e-02 9.77488293e-01 -2.09715522e-01 1.11356896e-02
8.38194352e-01 -1.36689551e-01 -5.27964199e-01 -8.28407234e-02 5.44718669e-01 1.62471239e-01 8.22730009e-01 1.42193536e-01 2.66795974e-02 9.77199602e-01 -2.10639824e-01 6.45708787e-03
8.36977409e-01 -1.36850072e-01 -5.29849862e-01 -6.76044623e-02 5.46610718e-01 1.62741632e-01 8.21420650e-01 1.22473441e-01 2.61828439e-02 9.77132139e-01 -2.11014785e-01 1.20738465e-02
8.37184606e-01 -1.32557715e-01 -5.30613218e-01 -8.57834279e-02 5.46463116e-01 1.63074093e-01 8.21452922e-01 1.39617423e-01 2.23606526e-02 9.77668293e-01 -2.08961022e-01 4.67616060e-03
8.35774659e-01 -1.28328846e-01 -5.33865551e-01 -9.05585072e-02 5.48722607e-01 1.60501529e-01 8.20452777e-01 1.63733230e-01 1.96015203e-02 9.78657737e-01 -2.04560049e-01 -3.39700193e-03
8.31885205e-01 -1.29601925e-01 -5.39602027e-01 -7.40313353e-02 5.54530121e-01 1.56415509e-01 8.17331349e-01 1.83178164e-01 2.15255897e-02 9.79151433e-01 -2.01987918e-01 -9.27471084e-03
8.31917135e-01 -1.33691753e-01 -5.38553988e-01 -8.41057981e-02 5.54362818e-01 1.57548856e-01 8.17227156e-01 1.63163767e-01 2.44079656e-02 9.78419579e-01 -2.05181329e-01 4.44768763e-03
8.28547788e-01 -1.37388041e-01 -5.42801151e-01 -6.54870863e-02 5.59343305e-01 1.59168444e-01 8.13511202e-01 1.80694476e-01 2.53698960e-02 9.77645095e-01 -2.08725742e-01 3.05567766e-04
8.27995876e-01 -1.34650087e-01 -5.44327277e-01 -7.96898951e-02 5.60429957e-01 1.66747299e-01 8.11242012e-01 2.00289798e-01 1.84687042e-02 9.76762352e-01 -2.13528018e-01 -8.64938083e-03
8.28195214e-01 -1.30723898e-01 -5.44980688e-01 -9.78941732e-02 5.60287949e-01 1.70496526e-01 8.10560516e-01 2.18275239e-01 1.30423159e-02 9.76648451e-01 -2.14447431e-01 -1.53941165e-02
8.29948013e-01 -1.28734610e-01 -5.42783287e-01 -1.12174226e-01 5.57715759e-01 1.70890752e-01 8.12249644e-01 2.38391594e-01 1.18079971e-02 9.76843770e-01 -2.13627760e-01 -2.35722087e-02
8.30320505e-01 -1.28620134e-01 -5.42240464e-01 -1.08188199e-01 5.57168150e-01 1.71572677e-01 8.12481674e-01 2.62330837e-01 1.14678537e-02 9.76739309e-01 -2.14123353e-01 -3.34448973e-02
8.29638891e-01 -1.29242524e-01 -5.43135049e-01 -1.07764207e-01 5.58166180e-01 1.70680450e-01 8.11984421e-01 2.86662321e-01 1.22403816e-02 9.76813469e-01 -2.13741944e-01 -4.20020125e-02
8.23750750e-01 -1.33655554e-01 -5.50972681e-01 -8.65645547e-02 5.66764278e-01 1.69116005e-01 8.06336178e-01 3.03096656e-01 1.45930098e-02 9.76491664e-01 -2.15060628e-01 -4.33371060e-02
8.24843028e-01 -1.36653069e-01 -5.48598140e-01 -8.99898842e-02 5.65114759e-01 1.70601612e-01 8.07180525e-01 3.26988900e-01 1.67119686e-02 9.75818132e-01 -2.17944216e-01 -5.38170682e-02
8.26941463e-01 -1.35593503e-01 -5.45694255e-01 -8.25067341e-02 5.62096323e-01 1.74006167e-01 8.08560189e-01 3.51992483e-01 1.46813430e-02 9.75364678e-01 -2.20109523e-01 -5.80846622e-02
8.29798435e-01 -1.33384195e-01 -5.41888562e-01 -7.46156470e-02 5.57915355e-01 1.75928443e-01 8.11036152e-01 3.28852181e-01 1.28457928e-02 9.75324478e-01 -2.20402236e-01 -4.82938974e-02
8.31104671e-01 -1.33543364e-01 -5.39843676e-01 -6.68276341e-02 5.55949565e-01 1.75769133e-01 8.12419407e-01 3.53576974e-01 1.36053656e-02 9.75331422e-01 -2.20325922e-01 -5.05229145e-02
8.36910036e-01 -1.29594420e-01 -5.31777093e-01 -7.85761133e-02 5.47223678e-01 1.78044021e-01 8.17830406e-01 3.66931933e-01 1.13065253e-02 9.75451491e-01 -2.19923962e-01 -7.01058738e-02
8.42631375e-01 -1.24587243e-01 -5.23880125e-01 -7.06138090e-02 5.38427222e-01 1.79979365e-01 8.23227524e-01 3.44148042e-01 8.27603534e-03 9.75748660e-01 -2.18737422e-01 -5.95677652e-02
8.50515512e-01 -1.17250703e-01 -5.12713991e-01 -8.28255185e-02 5.25904668e-01 1.76796497e-01 8.31965912e-01 3.35155092e-01 6.90255040e-03 9.77238595e-01 -2.12030854e-01 -8.08394244e-02
8.53722812e-01 -1.18505810e-01 -5.07063836e-01 -7.68518117e-02 5.20666978e-01 1.79392191e-01 8.34700150e-01 3.11656468e-01 7.95352472e-03 9.76613953e-01 -2.14853267e-01 -7.16365694e-02
8.56825912e-01 -1.19107645e-01 -5.01659970e-01 -8.70974267e-02 5.15513403e-01 1.79475666e-01 8.37874941e-01 3.33256357e-01 9.76155333e-03 9.76525399e-01 -2.15180988e-01 -8.09695756e-02
8.61410071e-01 -1.16811961e-01 -4.94295110e-01 -1.00789111e-01 5.07804191e-01 1.78195591e-01 8.42841168e-01 3.52226937e-01 1.03727196e-02 9.77036998e-01 -2.12817079e-01 -9.28550058e-02
8.65358670e-01 -1.16743836e-01 -4.87365622e-01 -8.75632347e-02 5.01022744e-01 1.79358666e-01 8.46644364e-01 3.38673626e-01 1.14272633e-02 9.76832302e-01 -2.13700893e-01 -7.41230397e-02
8.64037205e-01 -1.21895607e-01 -4.88447713e-01 -6.61105575e-02 5.03179123e-01 1.78604961e-01 8.45524121e-01 3.53287033e-01 1.58264909e-02 9.76340990e-01 -2.15656655e-01 -7.81427919e-02
8.69004942e-01 -1.24304782e-01 -4.78934998e-01 -7.72103586e-02 4.94474680e-01 1.82890154e-01 8.49732889e-01 3.75008532e-01 1.80333657e-02 9.75243309e-01 -2.20398014e-01 -8.70331534e-02
8.75514210e-01 -1.23767774e-01 -4.67072164e-01 -9.58341431e-02 4.82832409e-01 1.86787425e-01 8.55560239e-01 3.89261713e-01 1.86475789e-02 9.74572725e-01 -2.23294136e-01 -9.70359660e-02
8.81040372e-01 -1.23284611e-01 -4.56693298e-01 -8.27112409e-02 4.72661312e-01 1.90755644e-01 8.60350841e-01 3.67971107e-01 1.89511938e-02 9.73865077e-01 -2.26335289e-01 -9.20457336e-02
8.85770595e-01 -1.20726042e-01 -4.48146935e-01 -7.30592010e-02 4.63833942e-01 1.96168104e-01 8.63930640e-01 3.48488704e-01 1.63867918e-02 9.73110116e-01 -2.29756773e-01 -7.82928070e-02
8.89100757e-01 -1.22224139e-01 -4.41090811e-01 -6.13208402e-02 4.57255711e-01 1.94185467e-01 8.67876269e-01 3.26369483e-01 2.04220045e-02 9.73320740e-01 -2.28538131e-01 -7.25062856e-02
8.93353663e-01 -1.27785396e-01 -4.30801725e-01 -7.89250310e-02 4.48445806e-01 1.92603637e-01 8.72811664e-01 3.44474557e-01 2.85586043e-02 9.72920722e-01 -2.29367988e-01 -7.75963350e-02
8.98913817e-01 -1.27599613e-01 -4.19132783e-01 -8.64076794e-02 4.37151022e-01 1.97447835e-01 8.77447056e-01 3.68570518e-01 2.92050441e-02 9.71973606e-01 -2.33268887e-01 -8.29894759e-02
9.04707706e-01 -1.22612467e-01 -4.08007537e-01 -6.98215586e-02 4.25246630e-01 2.01740377e-01 8.82307274e-01 3.51097873e-01 2.58702764e-02 9.71734019e-01 -2.34656611e-01 -7.47005218e-02
9.09882846e-01 -1.16900766e-01 -3.98054542e-01 -5.77261974e-02 4.14157944e-01 1.99944636e-01 8.87972602e-01 3.30524368e-01 2.42158061e-02 9.72808487e-01 -2.30341574e-01 -6.62748699e-02
9.14800613e-01 -1.15812078e-01 -3.86946250e-01 -7.23648906e-02 4.02965723e-01 1.96368969e-01 8.93900361e-01 3.48990148e-01 2.75402212e-02 9.73666673e-01 -2.26306750e-01 -7.46839333e-02
9.20815885e-01 -1.11831539e-01 -3.73619880e-01 -8.88996797e-02 3.89136675e-01 1.99841234e-01 8.99241975e-01 3.68138719e-01 2.58989556e-02 9.73425492e-01 -2.27534734e-01 -8.05863056e-02
9.26573644e-01 -1.07283158e-01 -3.60488010e-01 -1.02596998e-01 3.75418048e-01 2.05554643e-01 9.03774628e-01 3.86844717e-01 2.28598115e-02 9.72747456e-01 -2.30737547e-01 -9.05188115e-02
9.31704361e-01 -1.04188224e-01 -3.47953732e-01 -1.09681859e-01 3.62552978e-01 2.08844732e-01 9.08261645e-01 4.10580495e-01 2.19618635e-02 9.72382997e-01 -2.32355297e-01 -9.56711531e-02
9.36054295e-01 -1.02476969e-01 -3.36601883e-01 -1.21064867e-01 3.51144125e-01 2.11266557e-01 9.12175556e-01 4.32592717e-01 2.23642643e-02 9.72041621e-01 -2.33741153e-01 -1.03010447e-01
9.39801783e-01 -1.02202030e-01 -3.26078753e-01 -1.29034705e-01 3.40932874e-01 2.15696767e-01 9.15008022e-01 4.54341142e-01 2.31815438e-02 9.71097137e-01 -2.37556237e-01 -1.13336212e-01
9.43533029e-01 -1.00783305e-01 -3.15575900e-01 -1.42353039e-01 3.30479409e-01 2.20230658e-01 9.17759129e-01 4.73958712e-01 2.29953100e-02 9.70227387e-01 -2.41101705e-01 -1.23482693e-01
9.46335724e-01 -1.03249700e-01 -3.06248588e-01 -1.55730710e-01 3.22054151e-01 2.22062880e-01 9.20309296e-01 4.91768872e-01 2.70152148e-02 9.69550193e-01 -2.43398030e-01 -1.35602426e-01
9.49416374e-01 -1.01353181e-01 -2.97213867e-01 -1.67363178e-01 3.12936538e-01 2.26821121e-01 9.22292201e-01 5.12621893e-01 2.60628658e-02 9.68648394e-01 -2.47064799e-01 -1.43851572e-01
9.51813576e-01 -9.85297397e-02 -2.90418331e-01 -1.79297577e-01 3.05703007e-01 2.29406690e-01 9.24076969e-01 5.33282307e-01 2.44251545e-02 9.68330760e-01 -2.48473239e-01 -1.52444231e-01
9.55211364e-01 -9.80837139e-02 -2.79196767e-01 -1.85697624e-01 2.94751912e-01 2.31445960e-01 9.27121394e-01 5.55953916e-01 2.63165451e-02 9.67890672e-01 -2.49990173e-01 -1.61535748e-01
9.61245727e-01 -9.31836410e-02 -2.59467652e-01 -2.01358400e-01 2.74536941e-01 2.37436793e-01 9.31801072e-01 5.73197637e-01 2.52214488e-02 9.66923253e-01 -2.53817454e-01 -1.71128230e-01
9.66439770e-01 -9.15859850e-02 -2.40012872e-01 -2.05592346e-01 2.55373655e-01 2.41038140e-01 9.36314537e-01 5.95694829e-01 2.79010325e-02 9.66184569e-01 -2.56337491e-01 -1.81799619e-01
9.70051562e-01 -9.75596761e-02 -2.22445676e-01 -2.11727735e-01 2.39891552e-01 2.41126958e-01 9.40377496e-01 5.76534200e-01 3.81052745e-02 9.65577496e-01 -2.57309323e-01 -1.97262682e-01
9.71467505e-01 -1.07217952e-01 -2.11554246e-01 -2.12293255e-01 2.32183015e-01 2.47925567e-01 9.40544503e-01 5.98358235e-01 4.83935488e-02 9.62827723e-01 -2.65745819e-01 -2.10095037e-01
9.73108761e-01 -1.12717540e-01 -2.00883285e-01 -2.18882039e-01 2.23581737e-01 2.52404887e-01 9.41436658e-01 6.20288338e-01 5.54125006e-02 9.61034094e-01 -2.70818989e-01 -2.20644136e-01
9.72407445e-01 -1.25195272e-01 -1.96849956e-01 -2.04261975e-01 2.24240064e-01 2.68872400e-01 9.36709147e-01 6.29364660e-01 6.43440360e-02 9.55004594e-01 -2.89527319e-01 -2.02042699e-01
9.74927710e-01 -1.33963168e-01 -1.77679013e-01 -2.00041920e-01 2.08028478e-01 2.65243541e-01 9.41472261e-01 6.15628268e-01 7.89943951e-02 9.54829688e-01 -2.86461431e-01 -1.81358249e-01
9.76262088e-01 -1.41248105e-01 -1.64198994e-01 -1.99179522e-01 1.96753629e-01 2.61385606e-01 9.44968558e-01 6.38835949e-01 9.05557641e-02 9.54843724e-01 -2.82971934e-01 -1.91206245e-01
9.78850457e-01 -1.41484258e-01 -1.47763286e-01 -2.12291641e-01 1.81060888e-01 2.62927505e-01 9.47674038e-01 6.59510509e-01 9.52299254e-02 9.54385316e-01 -2.82983973e-01 -1.98900145e-01
9.82135069e-01 -1.36160171e-01 -1.29888855e-01 -2.25581152e-01 1.62242687e-01 2.63024720e-01 9.51049582e-01 6.79237297e-01 9.53310930e-02 9.55132663e-01 -2.80416793e-01 -2.07462731e-01
9.84544261e-01 -1.34347813e-01 -1.12353295e-01 -2.27902084e-01 1.44667122e-01 2.62277122e-01 9.54087069e-01 7.03932403e-01 9.87118116e-02 9.55594776e-01 -2.77659146e-01 -2.12897944e-01
9.84628769e-01 -1.35016778e-01 -1.10800075e-01 -2.05531538e-01 1.44165025e-01 2.70116864e-01 9.51973385e-01 7.11560829e-01 9.86034096e-02 9.53313877e-01 -2.85429532e-01 -2.03056054e-01
9.85542485e-01 -1.37224317e-01 -9.93755304e-02 -2.06749228e-01 1.34290977e-01 2.75049232e-01 9.52005175e-01 7.08998866e-01 1.03305096e-01 9.51586783e-01 -2.89500690e-01 -1.77946212e-01
9.86586700e-01 -1.36629619e-01 -8.93254251e-02 -2.18429045e-01 1.23960594e-01 2.71039509e-01 9.54552962e-01 7.29414817e-01 1.06209488e-01 9.52822088e-01 -2.84340662e-01 -1.87332395e-01
9.87286262e-01 -1.38632321e-01 -7.77619316e-02 -2.28284447e-01 1.12388768e-01 2.62880408e-01 9.58260224e-01 7.50255043e-01 1.12403750e-01 9.54816721e-01 -2.75118930e-01 -1.97651659e-01
9.86354201e-01 -1.42948737e-01 -8.16764840e-02 -2.11772837e-01 1.17893062e-01 2.66973899e-01 9.56465454e-01 7.61025371e-01 1.14920038e-01 9.53042809e-01 -2.80183491e-01 -1.81634720e-01
9.87037722e-01 -1.42885208e-01 -7.30777173e-02 -2.14223332e-01 1.09841689e-01 2.69465177e-01 9.56725312e-01 7.77426760e-01 1.17009995e-01 9.52350952e-01 -2.81667046e-01 -1.62936227e-01
9.87667463e-01 -1.44188115e-01 -6.10145228e-02 -2.24580085e-01 9.80628982e-02 2.65907792e-01 9.58997766e-01 7.98215122e-01 1.22051842e-01 9.53154150e-01 -2.76767977e-01 -1.73352956e-01
9.88318684e-01 -1.44056448e-01 -4.97385077e-02 -2.35148713e-01 8.68161246e-02 2.63937936e-01 9.60624655e-01 8.18932357e-01 1.25256295e-01 9.53721398e-01 -2.73361216e-01 -1.83855689e-01
9.89568743e-01 -1.38428448e-01 -3.98907051e-02 -2.45008158e-01 7.56140851e-02 2.63397201e-01 9.61719514e-01 8.41647607e-01 1.22622239e-01 9.54703870e-01 -2.71116777e-01 -1.89898005e-01
9.90075792e-01 -1.36374457e-01 -3.39401466e-02 -2.42607146e-01 6.88578318e-02 2.60217349e-01 9.63091653e-01 8.66815463e-01 1.22509285e-01 9.55870775e-01 -2.67025347e-01 -1.94962229e-01
9.90185310e-01 -1.36427377e-01 -3.03417520e-02 -2.42754577e-01 6.48887211e-02 2.56482504e-01 9.64368280e-01 8.90867451e-01 1.23784106e-01 9.56872142e-01 -2.62817805e-01 -2.02953757e-01
9.90498141e-01 -1.35246165e-01 -2.49380626e-02 -2.46679599e-01 5.91690848e-02 2.55393687e-01 9.65024915e-01 9.14939902e-01 1.24146894e-01 9.57330946e-01 -2.60969363e-01 -2.10118024e-01
9.91042315e-01 -1.32264185e-01 -1.84747651e-02 -2.53625856e-01 5.19836011e-02 2.54626389e-01 9.65641294e-01 9.38695643e-01 1.23015595e-01 9.57951767e-01 -2.59221094e-01 -2.18032204e-01
9.91125876e-01 -1.32146156e-01 -1.43837108e-02 -2.49203316e-01 4.78025097e-02 2.53362750e-01 9.66189545e-01 9.63817721e-01 1.24033937e-01 9.58303037e-01 -2.57431295e-01 -2.21765302e-01
9.91744338e-01 -1.27373246e-01 -1.48062197e-02 -2.35032647e-01 4.71698787e-02 2.55004745e-01 9.65788581e-01 9.57990457e-01 1.19239970e-01 9.58513764e-01 -2.58907692e-01 -2.01498565e-01
9.91547713e-01 -1.28753203e-01 -1.59920384e-02 -2.40871291e-01 4.90623849e-02 2.57989373e-01 9.64901221e-01 9.82732763e-01 1.20108346e-01 9.57530207e-01 -2.62125711e-01 -2.05712787e-01
9.91350756e-01 -1.30148814e-01 -1.68809323e-02 -2.43453917e-01 5.04427041e-02 2.59121091e-01 9.64526721e-01 1.00610045e+00 1.21157803e-01 9.57035813e-01 -2.63444946e-01 -2.15011084e-01
9.90925237e-01 -1.32462279e-01 -2.28236503e-02 -2.44411052e-01 5.69253248e-02 2.59747962e-01 9.63997150e-01 1.03142172e+00 1.21764862e-01 9.56548347e-01 -2.64931269e-01 -2.18560177e-01
9.90804395e-01 -1.32446593e-01 -2.76505084e-02 -2.50059603e-01 6.17895453e-02 2.61123396e-01 9.63325815e-01 1.05540731e+00 1.20369027e-01 9.56175962e-01 -2.66906023e-01 -2.25979076e-01
9.90963048e-01 -1.29740167e-01 -3.40547540e-02 -2.52801253e-01 6.75452344e-02 2.63314716e-01 9.62342456e-01 1.08015531e+00 1.15887352e-01 9.55946050e-01 -2.69698483e-01 -2.31366220e-01
9.90706476e-01 -1.28755309e-01 -4.38491484e-02 -2.56691214e-01 7.71002158e-02 2.66006786e-01 9.60882900e-01 1.10320848e+00 1.12054603e-01 9.55333691e-01 -2.73461707e-01 -2.42710949e-01
9.90812268e-01 -1.24205920e-01 -5.35157912e-02 -2.62542184e-01 8.56792698e-02 2.70299193e-01 9.58956417e-01 1.12720601e+00 1.04642788e-01 9.54730976e-01 -2.78457628e-01 -2.48529829e-01
9.90869573e-01 -1.19018825e-01 -6.33404262e-02 -2.70833846e-01 9.37835141e-02 2.70930883e-01 9.58019368e-01 1.14869026e+00 9.68614613e-02 9.55212529e-01 -2.79619171e-01 -2.59962258e-01
9.90816589e-01 -1.13468992e-01 -7.35341911e-02 -2.78034630e-01 1.02106898e-01 2.71388348e-01 9.57038424e-01 1.17209965e+00 8.86378621e-02 9.55757894e-01 -2.80482043e-01 -2.68094448e-01
9.89887459e-01 -1.12714568e-01 -8.61292388e-02 -2.82486866e-01 1.14152589e-01 2.72489306e-01 9.55363159e-01 1.19691692e+00 8.42140488e-02 9.55533884e-01 -2.82600405e-01 -2.74321309e-01
9.88844393e-01 -1.09407665e-01 -1.01077843e-01 -2.88577140e-01 1.27791392e-01 2.74504650e-01 9.53056430e-01 1.21922450e+00 7.65253397e-02 9.55341383e-01 -2.85423741e-01 -2.86719060e-01
9.87657699e-01 -1.07888979e-01 -1.13544000e-01 -2.96358327e-01 1.39576275e-01 2.77327675e-01 9.50582886e-01 1.24126141e+00 7.10685233e-02 9.54698553e-01 -2.88963554e-01 -2.98731895e-01
9.86789806e-01 -1.01477690e-01 -1.26286023e-01 -3.02319168e-01 1.50298626e-01 2.82497483e-01 9.47420443e-01 1.26507669e+00 6.04665537e-02 9.53885449e-01 -2.94017592e-01 -3.06648122e-01
9.85152338e-01 -9.81275299e-02 -1.40875332e-01 -3.08465124e-01 1.63358454e-01 2.83371563e-01 9.44994483e-01 1.28691037e+00 5.28099108e-02 9.53976700e-01 -2.95194119e-01 -3.18998491e-01
9.83109928e-01 -9.79453057e-02 -1.54601383e-01 -3.18677901e-01 1.76431965e-01 2.82662848e-01 9.42853901e-01 1.30929118e+00 4.86480458e-02 9.54205655e-01 -2.95169334e-01 -3.26428182e-01
9.81107559e-01 -9.36274780e-02 -1.69298121e-01 -3.31210447e-01 1.89239126e-01 2.82582041e-01 9.40391378e-01 1.32948669e+00 4.02058640e-02 9.54662917e-01 -2.94961358e-01 -3.35215560e-01
9.78559155e-01 -9.10163793e-02 -1.84764718e-01 -3.41426083e-01 2.03435201e-01 2.86918058e-01 9.36104774e-01 1.35230012e+00 3.21885324e-02 9.53621543e-01 -2.99282227e-01 -3.39292679e-01
9.75890180e-01 -9.12975240e-02 -1.98250142e-01 -3.55657234e-01 2.16549026e-01 2.91424898e-01 9.31760725e-01 1.37177173e+00 2.72924190e-02 9.52227017e-01 -3.04169086e-01 -3.47157534e-01
9.74037125e-01 -8.76159123e-02 -2.08746573e-01 -3.71380441e-01 2.25572516e-01 2.97400004e-01 9.27723169e-01 1.38973774e+00 1.92020798e-02 9.50724297e-01 -3.09442386e-01 -3.55976284e-01
9.71418253e-01 -8.45962015e-02 -2.21788325e-01 -3.82978427e-01 2.37069163e-01 2.98388800e-01 9.24533578e-01 1.41101745e+00 1.20328766e-02 9.50687965e-01 -3.09915477e-01 -3.63521284e-01
9.67280443e-01 -8.91052912e-02 -2.37547452e-01 -3.95618855e-01 2.53420617e-01 2.94658151e-01 9.21387304e-01 1.43089301e+00 1.21051905e-02 9.51439342e-01 -3.07598184e-01 -3.74263117e-01
9.63425688e-01 -9.42203890e-02 -2.50865427e-01 -4.08385728e-01 2.67663979e-01 2.93210486e-01 9.17814581e-01 1.45030176e+00 1.29204726e-02 9.51393782e-01 -3.07705918e-01 -3.85202693e-01
9.60957242e-01 -9.18949788e-02 -2.60991366e-01 -4.24086046e-01 2.76596010e-01 2.93560563e-01 9.15050186e-01 1.46759940e+00 7.47174471e-03 9.51513273e-01 -3.07516933e-01 -3.95372018e-01
9.58182319e-01 -8.74589672e-02 -2.72465729e-01 -4.41615686e-01 2.86158400e-01 2.93254928e-01 9.12203332e-01 1.48533018e+00 -1.21557040e-04 9.52025459e-01 -3.06018804e-01 -4.00156994e-01
9.54997623e-01 -8.67387067e-02 -2.83647557e-01 -4.55706595e-01 2.96587909e-01 2.91795748e-01 9.09335392e-01 1.50366983e+00 -3.89257569e-03 9.52539573e-01 -3.04389897e-01 -4.10760009e-01
9.52660441e-01 -8.22347212e-02 -2.92703834e-01 -4.79723724e-01 3.03838318e-01 2.92243814e-01 9.06794260e-01 1.51060142e+00 -1.09709124e-02 9.52801660e-01 -3.03395179e-01 -4.15718076e-01
9.49818592e-01 -7.74173941e-02 -3.03069612e-01 -4.98241299e-01 3.12220120e-01 2.93674517e-01 9.03478763e-01 1.52742054e+00 -1.90588509e-02 9.52765357e-01 -3.03108783e-01 -4.20298064e-01
9.46970782e-01 -7.54855121e-02 -3.12327192e-01 -5.19935986e-01 3.20457848e-01 2.93013042e-01 9.00805265e-01 1.54040970e+00 -2.35181945e-02 9.53123966e-01 -3.01664714e-01 -4.24930528e-01
9.43898004e-01 -7.53299470e-02 -3.21530645e-01 -5.41331875e-01 3.29260384e-01 2.89502858e-01 8.98763426e-01 1.54952014e+00 -2.53802398e-02 9.54208307e-01 -2.98064336e-01 -4.35325640e-01
9.40513008e-01 -7.67497557e-02 -3.30975462e-01 -5.62946954e-01 3.38714099e-01 2.88098450e-01 8.95696401e-01 1.56164641e+00 -2.66090382e-02 9.54520171e-01 -2.96956564e-01 -4.41566793e-01
9.37829349e-01 -7.79435720e-02 -3.38232040e-01 -5.85703196e-01 3.45960526e-01 2.88688910e-01 8.92731778e-01 1.57300871e+00 -2.80611355e-02 9.54244996e-01 -2.97706331e-01 -4.48102635e-01
9.35829307e-01 -7.60421145e-02 -3.44152737e-01 -6.09628793e-01 3.50908613e-01 2.92346583e-01 8.89604756e-01 1.58103216e+00 -3.29644504e-02 9.53284361e-01 -3.00270332e-01 -4.51830830e-01
9.33717358e-01 -7.29666125e-02 -3.50496463e-01 -6.31996627e-01 3.55880396e-01 2.95819497e-01 8.86476152e-01 1.59102412e+00 -3.90005258e-02 9.52452990e-01 -3.02179185e-01 -4.58371080e-01
9.30722359e-01 -7.52616022e-02 -3.57898845e-01 -6.53570591e-01 3.63650182e-01 2.94572090e-01 8.83734027e-01 1.60190039e+00 -3.89157725e-02 9.52660997e-01 -3.01533724e-01 -4.68272497e-01
9.26003857e-01 -7.52537515e-02 -3.69937469e-01 -6.74496357e-01 3.74945028e-01 2.97460470e-01 8.78028186e-01 1.61688153e+00 -4.39668588e-02 9.51763700e-01 -3.03665561e-01 -4.72311693e-01
9.22643261e-01 -7.08562186e-02 -3.79089450e-01 -6.98622114e-01 3.82091025e-01 3.01269678e-01 8.73637814e-01 1.62742403e+00 -5.23054847e-02 9.50902717e-01 -3.05037962e-01 -4.72910358e-01
9.19283653e-01 -6.92849529e-02 -3.87449561e-01 -7.19005695e-01 3.89648997e-01 2.99252425e-01 8.70988890e-01 1.64230776e+00 -5.55987967e-02 9.51655180e-01 -3.02094673e-01 -4.78639512e-01
9.14669168e-01 -7.47510524e-02 -3.97231159e-01 -7.34866813e-01 4.00503894e-01 3.00262168e-01 8.65701601e-01 1.65891372e+00 -5.45613833e-02 9.50923189e-01 -3.04578634e-01 -4.90974076e-01
9.10471409e-01 -8.02984331e-02 -4.05701832e-01 -7.58469137e-01 4.10101370e-01 3.02112008e-01 8.60549360e-01 1.66247353e+00 -5.34666299e-02 9.49884465e-01 -3.07994842e-01 -5.02259599e-01
9.04285928e-01 -8.26763461e-02 -4.18845536e-01 -7.82423547e-01 4.23088093e-01 3.04819367e-01 8.53276988e-01 1.67192615e+00 -5.71264080e-02 9.48814931e-01 -3.10623241e-01 -5.06202341e-01
9.00289802e-01 -9.16614164e-02 -4.25530795e-01 -8.07767958e-01 4.32192154e-01 3.04669301e-01 8.48755890e-01 1.67449670e+00 -5.18480032e-02 9.48037342e-01 -3.13906008e-01 -5.11933300e-01
8.94591499e-01 -9.57147083e-02 -4.36514312e-01 -8.27946540e-01 4.43589878e-01 3.08590190e-01 8.41427427e-01 1.68997756e+00 -5.41670542e-02 9.46367153e-01 -3.18520236e-01 -5.18715127e-01
8.88464227e-01 -9.81473913e-02 -4.48328458e-01 -8.43227512e-01 4.55531543e-01 3.07523929e-01 8.35416092e-01 1.70872747e+00 -5.58778191e-02 9.46465067e-01 -3.17933241e-01 -5.28207253e-01
8.81509220e-01 -9.85295171e-02 -4.61772054e-01 -8.65996493e-01 4.68505216e-01 3.04082691e-01 8.29479705e-01 1.71942744e+00 -5.86886543e-02 9.47536623e-01 -3.14213288e-01 -5.34730525e-01
8.72989961e-01 -1.03073820e-01 -4.76722472e-01 -8.79318811e-01 4.84252803e-01 2.99810889e-01 8.21956601e-01 1.73865559e+00 -5.82043818e-02 9.48414054e-01 -3.11645682e-01 -5.45329060e-01
8.67091843e-01 -1.04513555e-01 -4.87061242e-01 -8.99028299e-01 4.94486351e-01 2.98918299e-01 8.16168549e-01 1.75243719e+00 -6.02908420e-02 9.48538226e-01 -3.10870145e-01 -5.55852489e-01
8.60940944e-01 -1.02200576e-01 -4.98332953e-01 -8.77601340e-01 5.04423842e-01 2.98332904e-01 8.10280239e-01 1.74093139e+00 -6.58580100e-02 9.48974457e-01 -3.08399419e-01 -5.45523978e-01
8.54105541e-01 -1.04600655e-01 -5.09472697e-01 -8.91397141e-01 5.15968381e-01 2.93632088e-01 8.04709157e-01 1.76048342e+00 -6.54244268e-02 9.50178351e-01 -3.04763424e-01 -5.57271312e-01
8.47553068e-01 -1.03869583e-01 -5.20446834e-01 -9.09216546e-01 5.26149971e-01 2.92743369e-01 7.98415636e-01 1.77841673e+00 -6.94262609e-02 9.50532708e-01 -3.02766518e-01 -5.65145401e-01
8.40038829e-01 -1.05577591e-01 -5.32154244e-01 -8.91025013e-01 5.37767753e-01 2.91670109e-01 7.91033749e-01 1.76582900e+00 -7.16980493e-02 9.50674455e-01 -3.01790440e-01 -5.50947793e-01
8.31928326e-01 -1.05333772e-01 -5.44793590e-01 -9.06112384e-01 5.49665512e-01 2.90765326e-01 7.83149635e-01 1.78482469e+00 -7.59149806e-02 9.50978612e-01 -2.99794252e-01 -5.60608378e-01
8.25077785e-01 -1.04322097e-01 -5.55304916e-01 -9.28840925e-01 5.59401909e-01 2.89062720e-01 7.76860508e-01 1.79636439e+00 -7.94742327e-02 9.51608976e-01 -2.96857208e-01 -5.66757049e-01
8.18806481e-01 -1.01095114e-01 -5.65097978e-01 -9.54358398e-01 5.67717815e-01 2.88626521e-01 7.70967713e-01 1.79658735e+00 -8.51611945e-02 9.52089548e-01 -2.93722762e-01 -5.73770470e-01
8.11591721e-01 -9.58771787e-02 -5.76304127e-01 -9.72132847e-01 5.76610649e-01 2.90197194e-01 7.63744558e-01 1.81428312e+00 -9.40161671e-02 9.52151855e-01 -2.90805441e-01 -5.82443512e-01
8.04498571e-01 -9.06939340e-02 -5.86989489e-01 -9.93905608e-01 5.85127827e-01 2.90762219e-01 7.57022297e-01 1.82772965e+00 -1.02017036e-01 9.52487240e-01 -2.86985333e-01 -5.89005722e-01
7.95394604e-01 -9.16889721e-02 -5.99116481e-01 -1.00332412e+00 5.97171653e-01 2.87523290e-01 7.48809973e-01 1.85209282e+00 -1.03602325e-01 9.53374790e-01 -2.83448528e-01 -5.92146581e-01
7.88827800e-01 -9.14956101e-02 -6.07765790e-01 -1.02367889e+00 6.05702922e-01 2.83507144e-01 7.43470019e-01 1.86560993e+00 -1.04281701e-01 9.54595334e-01 -2.79057474e-01 -6.01053433e-01
7.80903404e-01 -8.98365659e-02 -6.18157963e-01 -1.04025486e+00 6.15273449e-01 2.81460317e-01 7.36354992e-01 1.88379597e+00 -1.07835332e-01 9.55358300e-01 -2.75067372e-01 -6.09837699e-01
7.70826856e-01 -9.14120376e-02 -6.30452059e-01 -1.05798281e+00 6.27592951e-01 2.78812399e-01 7.26904901e-01 1.90234004e+00 -1.09329993e-01 9.55985087e-01 -2.72285635e-01 -6.16276708e-01
7.61531973e-01 -9.50031927e-02 -6.41126702e-01 -1.07798554e+00 6.38809754e-01 2.77151104e-01 7.17711197e-01 1.91843074e+00 -1.09504118e-01 9.56118015e-01 -2.71748392e-01 -6.22952440e-01
7.49904850e-01 -9.97910392e-02 -6.53975891e-01 -1.08991764e+00 6.51841757e-01 2.80159353e-01 7.04707785e-01 1.94072276e+00 -1.12893940e-01 9.54752578e-01 -2.75140823e-01 -6.30199572e-01
7.39388630e-01 -9.98540556e-02 -6.65833029e-01 -1.10535596e+00 6.62341769e-01 2.85406033e-01 6.92709736e-01 1.95842781e+00 -1.20862887e-01 9.53190728e-01 -2.77163486e-01 -6.42425790e-01
7.27914731e-01 -9.77280952e-02 -6.78667344e-01 -1.12473852e+00 6.73218857e-01 2.89618131e-01 6.80365864e-01 1.97381402e+00 -1.30063508e-01 9.52139988e-01 -2.76609699e-01 -6.52257028e-01
7.15364126e-01 -9.83155609e-02 -6.91800707e-01 -1.14010191e+00 6.85389793e-01 2.91419509e-01 6.67319639e-01 1.99274120e+00 -1.35996317e-01 9.51529674e-01 -2.75855543e-01 -6.62678721e-01
7.00497663e-01 -9.47091539e-02 -7.07342351e-01 -1.14120870e+00 6.98346929e-01 2.95155493e-01 6.52069630e-01 2.01579713e+00 -1.47019017e-01 9.50743609e-01 -2.72895579e-01 -6.74704647e-01
6.93798882e-01 -9.20381661e-02 -7.14263319e-01 -1.15502238e+00 7.03364263e-01 2.99602649e-01 6.44606055e-01 2.03571358e+00 -1.54666823e-01 9.49614252e-01 -2.72600339e-01 -6.85030920e-01
6.84305404e-01 -8.98549492e-02 -7.23638171e-01 -1.17335710e+00 7.10904455e-01 3.03084642e-01 6.34629464e-01 2.05418505e+00 -1.62299018e-01 9.48717971e-01 -2.71280741e-01 -6.92502606e-01
6.76172013e-01 -9.09628640e-02 -7.31106809e-01 -1.19430828e+00 7.17498182e-01 3.06640217e-01 6.25434358e-01 2.06974250e+00 -1.67295450e-01 9.47469015e-01 -2.72607222e-01 -6.98153658e-01
6.68753274e-01 -9.05117292e-02 -7.37954393e-01 -1.21419466e+00 7.22638535e-01 3.12520609e-01 6.16542309e-01 2.08517672e+00 -1.74821646e-01 9.45588968e-01 -2.74406443e-01 -7.06904036e-01
6.62148242e-01 -8.57929318e-02 -7.44445618e-01 -1.23292689e+00 7.26034789e-01 3.19440674e-01 6.08959064e-01 2.10336054e+00 -1.85561827e-01 9.43714590e-01 -2.73805733e-01 -7.11290990e-01
6.54621456e-01 -7.96937990e-02 -7.51744404e-01 -1.24883441e+00 7.30450911e-01 3.22815634e-01 6.01856738e-01 2.12218880e+00 -1.94710596e-01 9.43100718e-01 -2.69534447e-01 -7.20571673e-01
6.47660766e-01 -7.78783285e-02 -7.57938321e-01 -1.26628577e+00 7.35357736e-01 3.24302888e-01 5.95043391e-01 2.14084442e+00 -1.99460601e-01 9.42742066e-01 -2.67306687e-01 -7.29067533e-01
6.40793147e-01 -7.60958908e-02 -7.63932954e-01 -1.28571020e+00 7.39770367e-01 3.27227996e-01 5.87929965e-01 2.15695452e+00 -2.05241195e-01 9.41876454e-01 -2.65978941e-01 -7.36236571e-01
6.31583519e-01 -7.49471117e-02 -7.71676869e-01 -1.29637086e+00 7.47186354e-01 3.24473423e-01 5.80025474e-01 2.17705743e+00 -2.06917401e-01 9.42920955e-01 -2.60931525e-01 -7.49705572e-01
6.22112509e-01 -7.42248949e-02 -7.79401497e-01 -1.30630880e+00 7.55280213e-01 3.19109257e-01 5.72469285e-01 2.20025711e+00 -2.06222759e-01 9.44806831e-01 -2.54582454e-01 -7.59101328e-01
6.13467351e-01 -7.58241991e-02 -7.86071562e-01 -1.31826016e+00 7.62666161e-01 3.15187403e-01 5.64798395e-01 2.22383826e+00 -2.04934468e-01 9.45995556e-01 -2.51185731e-01 -7.56939886e-01
6.05931124e-01 -7.58525193e-02 -7.91892587e-01 -1.33270261e+00 7.67883549e-01 3.15856874e-01 5.57305383e-01 2.24325640e+00 -2.07851699e-01 9.45769967e-01 -2.49633411e-01 -7.69061092e-01
6.00915045e-01 -7.59483912e-02 -7.95696519e-01 -1.35520098e+00 7.70709543e-01 3.18975767e-01 5.51598824e-01 2.25782600e+00 -2.11914863e-01 9.44714932e-01 -2.50211486e-01 -7.68522975e-01
5.94927331e-01 -7.32532454e-02 -8.00434527e-01 -1.37395661e+00 7.74354684e-01 3.19215677e-01 5.46329732e-01 2.27618876e+00 -2.15490823e-01 9.44846714e-01 -2.46634123e-01 -7.74447761e-01
5.89496967e-01 -7.15291307e-02 -8.04597359e-01 -1.39108199e+00 7.78050531e-01 3.17983870e-01 5.41778212e-01 2.29457773e+00 -2.17096057e-01 9.45394014e-01 -2.43103805e-01 -7.83562178e-01
5.85788305e-01 -7.14002474e-02 -8.07312868e-01 -1.40838529e+00 7.81233900e-01 3.14852124e-01 5.39019233e-01 2.31167166e+00 -2.15698064e-01 9.46451343e-01 -2.40216985e-01 -7.92711699e-01
5.82501729e-01 -7.05638512e-02 -8.09760755e-01 -1.43108033e+00 7.83142896e-01 3.15499926e-01 5.35860991e-01 2.32390087e+00 -2.17667042e-01 9.46298335e-01 -2.39040830e-01 -7.99676484e-01
5.77158228e-01 -6.86003187e-02 -8.13745892e-01 -1.45014530e+00 7.86690014e-01 3.14061214e-01 5.31492594e-01 2.34110140e+00 -2.19105460e-01 9.46921089e-01 -2.35230198e-01 -8.05926976e-01
5.71260121e-01 -6.83489707e-02 -8.17918267e-01 -1.46468510e+00 7.91579889e-01 3.09275058e-01 5.27020131e-01 2.36189145e+00 -2.16940436e-01 9.48513235e-01 -2.30780177e-01 -8.15465175e-01
