2.85339893e-01 -3.42492332e-01 8.95142530e-01 -8.98826516e-01 -8.62005407e-01 3.16562467e-01 3.95897565e-01 -9.36154646e-01 -4.18960407e-01 -8.84583070e-01 -2.04902341e-01 1.25862636e+00
2.73166144e-01 -3.47757765e-01 8.96908464e-01 -9.10758069e-01 -8.61710964e-01 3.25975859e-01 3.88836667e-01 -9.08774848e-01 -4.27591477e-01 -8.79092871e-01 -2.10621111e-01 1.26351295e+00
2.74044330e-01 -3.49802717e-01 8.95844721e-01 -9.25594805e-01 -8.60193958e-01 3.27411279e-01 3.90983643e-01 -9.31327431e-01 -4.30076806e-01 -8.77747067e-01 -2.11172979e-01 1.25128078e+00
2.76565514e-01 -3.53120199e-01 8.93765988e-01 -9.19266788e-01 -8.56897353e-01 3.30387514e-01 3.95690557e-01 -9.56059426e-01 -4.35015452e-01 -8.75300071e-01 -2.11213971e-01 1.23540162e+00
2.81162953e-01 -3.55951106e-01 8.91204917e-01 -9.12720502e-01 -8.55124448e-01 3.28562876e-01 4.01009496e-01 -9.84105385e-01 -4.35556625e-01 -8.74840126e-01 -2.12002784e-01 1.22659246e+00
2.84506783e-01 -3.56176425e-01 8.90052944e-01 -9.39595393e-01 -8.54725348e-01 3.26223720e-01 4.03760652e-01 -9.89798329e-01 -4.34166408e-01 -8.75623457e-01 -2.11620158e-01 1.23827591e+00
2.85187324e-01 -3.53332688e-01 8.90968126e-01 -9.49450835e-01 -8.55600418e-01 3.25117019e-01 4.02798769e-01 -9.62190971e-01 -4.31990873e-01 -8.77185804e-01 -2.09592343e-01 1.23231136e+00
2.94220554e-01 -3.66637994e-01 8.82615911e-01 -9.30080414e-01 -8.52435708e-01 3.16938928e-01 4.15816160e-01 -9.71471683e-01 -4.32189344e-01 -8.74714980e-01 -2.19285371e-01 1.25259610e+00
2.94188510e-01 -3.65614764e-01 8.83050941e-01 -9.56187056e-01 -8.51353252e-01 3.19636101e-01 4.15969233e-01 -9.76842958e-01 -4.34339452e-01 -8.74161660e-01 -2.17234050e-01 1.26631941e+00
2.95407611e-01 -3.67763777e-01 8.81750616e-01 -9.28413263e-01 -8.51685243e-01 3.16791069e-01 4.17463370e-01 -9.68786861e-01 -4.32858625e-01 -8.74295844e-01 -2.19636489e-01 1.25941806e+00
2.92370325e-01 -3.70650590e-01 8.81554158e-01 -9.57003117e-01 -8.51629147e-01 3.18429537e-01 4.16329710e-01 -9.60513008e-01 -4.35025735e-01 -8.72479667e-01 -2.22557499e-01 1.25952064e+00
2.98185277e-01 -3.73158511e-01 8.78543264e-01 -9.82835783e-01 -8.49856590e-01 3.15231301e-01 4.22342281e-01 -9.76028112e-01 -4.34544953e-01 -8.72572033e-01 -2.23133887e-01 1.26006099e+00
2.90973832e-01 -3.78075441e-01 8.78859028e-01 -9.86031019e-01 -8.53709726e-01 3.12059198e-01 4.16891786e-01 -9.51342133e-01 -4.31872588e-01 -8.71595100e-01 -2.31965620e-01 1.27744799e+00
2.82385062e-01 -3.80251717e-01 8.80719767e-01 -9.80057775e-01 -8.56923785e-01 3.12693733e-01 4.09761218e-01 -9.26015954e-01 -4.31207958e-01 -8.70420164e-01 -2.37546702e-01 1.29192286e+00
2.79192460e-01 -3.80264243e-01 8.81731635e-01 -1.00666731e+00 -8.61145608e-01 3.07097940e-01 4.05116152e-01 -9.38390567e-01 -4.24829156e-01 -8.72404699e-01 -2.41723454e-01 1.28568149e+00
2.84811655e-01 -3.90606242e-01 8.75390818e-01 -9.94132930e-01 -8.58722533e-01 3.01873552e-01 4.14086910e-01 -9.64659167e-01 -4.26002268e-01 -8.69654599e-01 -2.49445276e-01 1.29357400e+00
2.82708037e-01 -3.97422446e-01 8.73001469e-01 -9.95841348e-01 -8.60009389e-01 2.98051625e-01 4.14184837e-01 -9.42199646e-01 -4.24805857e-01 -8.67882843e-01 -2.57525445e-01 1.31313746e+00
2.72455511e-01 -4.08065719e-01 8.71349737e-01 -9.74518988e-01 -8.60703828e-01 3.01420237e-01 4.10286194e-01 -9.31773144e-01 -4.30066175e-01 -8.61758788e-01 -2.69100122e-01 1.33106667e+00
2.56370896e-01 -4.13997714e-01 8.73429938e-01 -9.77481631e-01 -8.63055694e-01 3.08822076e-01 3.99704635e-01 -9.09364234e-01 -4.35211251e-01 -8.56291317e-01 -2.78130092e-01 1.35016106e+00
2.50431441e-01 -4.16140517e-01 8.74134523e-01 -9.61156272e-01 -8.60561308e-01 3.17962559e-01 3.97912110e-01 -9.29291880e-01 -4.43529401e-01 -8.51896051e-01 -2.78486605e-01 1.33432251e+00
2.43040022e-01 -4.17862134e-01 8.75398643e-01 -9.87266734e-01 -8.61444875e-01 3.21884680e-01 3.92814181e-01 -9.42622185e-01 -4.45919584e-01 -8.49577241e-01 -2.81734334e-01 1.33917069e+00
2.39402807e-01 -4.12947803e-01 8.78726583e-01 -1.00083324e+00 -8.62848222e-01 3.24480868e-01 3.87563042e-01 -9.40404361e-01 -4.45173271e-01 -8.50991350e-01 -2.78629647e-01 1.31269138e+00
2.38245844e-01 -4.17557111e-01 8.76860865e-01 -1.02454862e+00 -8.64327999e-01 3.20589730e-01 3.87503981e-01 -9.47082533e-01 -4.42917631e-01 -8.50216610e-01 -2.84527131e-01 1.32941435e+00
2.38747849e-01 -4.21858168e-01 8.74662879e-01 -9.96421153e-01 -8.63651061e-01 3.19550658e-01 3.89864365e-01 -9.49356132e-01 -4.43966565e-01 -8.48482801e-01 -2.88046222e-01 1.32227204e+00
2.32025438e-01 -4.25394789e-01 8.74759092e-01 -1.02363269e+00 -8.66215425e-01 3.18773208e-01 3.84778481e-01 -9.56680890e-01 -4.42532523e-01 -8.47008215e-01 -2.94520035e-01 1.33176398e+00
2.30595622e-01 -4.29558037e-01 8.73101112e-01 -1.04144282e+00 -8.68246918e-01 3.14248289e-01 3.83920959e-01 -9.40648552e-01 -4.39286864e-01 -8.46597842e-01 -3.00498162e-01 1.35011621e+00
2.30706680e-01 -4.36791587e-01 8.69475438e-01 -1.01614857e+00 -8.66575173e-01 3.14153854e-01 3.87756142e-01 -9.55672826e-01 -4.42517680e-01 -8.42923761e-01 -3.06035352e-01 1.35256338e+00
2.25548717e-01 -4.39579722e-01 8.69423628e-01 -1.04207044e+00 -8.66845701e-01 3.16751053e-01 3.85028961e-01 -9.70779641e-01 -4.44641773e-01 -8.40498923e-01 -3.09604998e-01 1.35049544e+00
2.20878713e-01 -4.41342113e-01 8.69729690e-01 -1.01266389e+00 -8.67173552e-01 3.19238360e-01 3.82226242e-01 -9.64789335e-01 -4.46343617e-01 -8.38632225e-01 -3.12207250e-01 1.34828175e+00
2.11855291e-01 -4.43411038e-01 8.70921344e-01 -9.83713499e-01 -8.69406662e-01 3.21515603e-01 3.75179655e-01 -9.57391228e-01 -4.46373601e-01 -8.36668613e-01 -3.17389729e-01 1.34345851e+00
2.03334030e-01 -4.43376730e-01 8.72967552e-01 -9.86850120e-01 -8.72159508e-01 3.23172413e-01 3.67283794e-01 -9.78360201e-01 -4.44964117e-01 -8.36048245e-01 -3.20983282e-01 1.32267781e+00
1.90971837e-01 -4.46147891e-01 8.74346509e-01 -9.61773856e-01 -8.75864973e-01 3.24691327e-01 3.56981918e-01 -9.63766909e-01 -4.43159458e-01 -8.33982975e-01 -3.28758411e-01 1.31904613e+00
1.75957580e-01 -4.51977999e-01 8.74502613e-01 -9.59485453e-01 -8.79129076e-01 3.27552829e-01 3.46180895e-01 -9.56585280e-01 -4.42911954e-01 -8.29713825e-01 -3.39711597e-01 1.34803315e+00
1.64136513e-01 -4.51816870e-01 8.76881247e-01 -9.38851799e-01 -8.81569187e-01 3.31666348e-01 3.35906537e-01 -9.36421990e-01 -4.42600241e-01 -8.28166016e-01 -3.43869273e-01 1.35814231e+00
1.59400802e-01 -4.48650823e-01 8.79376952e-01 -9.17296578e-01 -8.86040650e-01 3.27793743e-01 3.27846349e-01 -9.56651112e-01 -4.35342797e-01 -8.31422697e-01 -3.45272280e-01 1.36355347e+00
1.41277128e-01 -4.45197733e-01 8.84217027e-01 -9.25630438e-01 -8.93961318e-01 3.26337730e-01 3.07143040e-01 -9.35652383e-01 -4.25292762e-01 -8.33848106e-01 -3.51885495e-01 1.38315961e+00
1.30784028e-01 -4.40847453e-01 8.88002850e-01 -9.50799229e-01 -8.99760596e-01 3.23352022e-01 2.93043237e-01 -9.46889349e-01 -4.16324882e-01 -8.37315348e-01 -3.54367887e-01 1.39542943e+00
1.19131476e-01 -4.39786614e-01 8.90165954e-01 -9.27906419e-01 -9.03471068e-01 3.23796650e-01 2.80883888e-01 -9.27776448e-01 -4.11761728e-01 -8.37701297e-01 -3.58760109e-01 1.39217303e+00
1.05593737e-01 -4.42373766e-01 8.90592731e-01 -9.48687522e-01 -9.04384126e-01 3.29643896e-01 2.70969101e-01 -9.19196738e-01 -4.13448080e-01 -8.34050570e-01 -3.65267481e-01 1.41163093e+00
9.03957296e-02 -4.42035309e-01 8.92431173e-01 -9.42757972e-01 -9.05885698e-01 3.35801372e-01 2.58086303e-01 -8.90177271e-01 -4.13762871e-01 -8.31770535e-01 -3.70078455e-01 1.41914151e+00
7.42975099e-02 -4.44450507e-01 8.92716991e-01 -9.15134808e-01 -9.08191784e-01 3.39601305e-01 2.44660247e-01 -8.78124011e-01 -4.11907227e-01 -8.28935885e-01 -3.78414768e-01 1.42067348e+00
6.16310756e-02 -4.47639632e-01 8.92087647e-01 -9.17388301e-01 -9.10058362e-01 3.41833368e-01 2.34400779e-01 -9.02214990e-01 -4.09872403e-01 -8.26298196e-01 -3.86310633e-01 1.40238712e+00
4.87346030e-02 -4.48782965e-01 8.92310926e-01 -8.91427445e-01 -9.11308391e-01 3.45693039e-01 2.23636620e-01 -8.90433549e-01 -4.08829981e-01 -8.24069277e-01 -3.92132469e-01 1.39154438e+00
3.48393695e-02 -4.47596217e-01 8.93556850e-01 -9.20167667e-01 -9.14684457e-01 3.45959829e-01 2.08959666e-01 -8.81227235e-01 -4.02664330e-01 -8.24602585e-01 -3.97356280e-01 1.39269246e+00
2.07798793e-02 -4.45708962e-01 8.94936711e-01 -9.09655105e-01 -9.19200905e-01 3.43560050e-01 1.92447884e-01 -8.54367289e-01 -3.93240248e-01 -8.26625679e-01 -4.02556945e-01 1.40071879e+00
6.56021880e-03 -4.46655829e-01 8.94681806e-01 -9.21062250e-01 -9.22165856e-01 3.43321079e-01 1.78159397e-01 -8.30472060e-01 -3.86739056e-01 -8.26213778e-01 -4.09638493e-01 1.41425426e+00
5.04208160e-04 -4.48577328e-01 8.93743882e-01 -9.18362971e-01 -9.23450954e-01 3.42735184e-01 1.72542545e-01 -8.58396556e-01 -3.83716148e-01 -8.25415638e-01 -4.14066351e-01 1.40370345e+00
-1.64392192e-02 -4.50136279e-01 8.92808536e-01 -9.44186111e-01 -9.24913698e-01 3.46045692e-01 1.57438975e-01 -8.47080227e-01 -3.79821542e-01 -8.23182670e-01 -4.22025932e-01 1.41422367e+00
-2.81049367e-02 -4.51686833e-01 8.91733770e-01 -9.40046963e-01 -9.25506382e-01 3.48821426e-01 1.47517961e-01 -8.75921247e-01 -3.77687766e-01 -8.21159313e-01 -4.27842651e-01 1.40725507e+00
-3.62086921e-02 -4.49261111e-01 8.92666446e-01 -9.39568353e-01 -9.26316976e-01 3.50278641e-01 1.38714573e-01 -8.93586694e-01 -3.75001053e-01 -8.21869410e-01 -4.28841325e-01 1.38341441e+00
-4.75804643e-02 -4.48620967e-01 8.92454665e-01 -9.33678967e-01 -9.26917531e-01 3.52788459e-01 1.27922614e-01 -9.16002472e-01 -3.72236472e-01 -8.21145256e-01 -4.32620477e-01 1.36442361e+00
-6.24922277e-02 -4.47236479e-01 8.92229933e-01 -9.59130847e-01 -9.27669159e-01 3.55779272e-01 1.13362433e-01 -9.04348403e-01 -3.68136731e-01 -8.20609920e-01 -4.37120928e-01 1.37552321e+00
-6.78135138e-02 -4.48989455e-01 8.90960042e-01 -9.50829283e-01 -9.29795340e-01 3.52257968e-01 1.06747126e-01 -9.30457162e-01 -3.61776108e-01 -8.21171598e-01 -4.41356154e-01 1.36330558e+00
-7.38546990e-02 -4.50095691e-01 8.89920981e-01 -9.44971458e-01 -9.29771277e-01 3.53789918e-01 1.01774587e-01 -9.47791912e-01 -3.60653374e-01 -8.19906435e-01 -4.44615093e-01 1.33867152e+00
-8.33264554e-02 -4.51535382e-01 8.88353815e-01 -9.36927165e-01 -9.28212406e-01 3.59536907e-01 9.56814542e-02 -9.71996252e-01 -3.62599545e-01 -8.16608236e-01 -4.49079679e-01 1.32120912e+00
-9.56267934e-02 -4.51434355e-01 8.87165452e-01 -9.20325915e-01 -9.27795460e-01 3.63309397e-01 8.48638079e-02 -9.93130118e-01 -3.60625984e-01 -8.14992825e-01 -4.53580858e-01 1.30647382e+00
-1.08844072e-01 -4.52347405e-01 8.85175007e-01 -8.96845989e-01 -9.28951874e-01 3.63249300e-01 7.14028006e-02 -9.95593537e-01 -3.53838074e-01 -8.14513210e-01 -4.59746503e-01 1.28751718e+00
-1.16129710e-01 -4.57745985e-01 8.81466110e-01 -8.87334846e-01 -9.29786028e-01 3.62208065e-01 6.55992388e-02 -1.02381093e+00 -3.49301922e-01 -8.11956853e-01 -4.67668939e-01 1.28015817e+00
-1.28024654e-01 -4.60721032e-01 8.78262955e-01 -8.72291620e-01 -9.27580088e-01 3.69035809e-01 5.83759556e-02 -1.04712588e+00 -3.51005510e-01 -8.07185667e-01 -4.74601338e-01 1.26792018e+00
-1.32710330e-01 -4.60127285e-01 8.77878608e-01 -8.68064103e-01 -9.25369905e-01 3.74820873e-01 5.65672350e-02 -1.07435083e+00 -3.55075354e-01 -8.04855387e-01 -4.75530544e-01 1.25466469e+00
-1.42432852e-01 -4.57636208e-01 8.77657099e-01 -8.45674511e-01 -9.26683945e-01 3.73230616e-01 4.42241129e-02 -1.08891702e+00 -3.47807056e-01 -8.07011778e-01 -4.77244428e-01 1.23981840e+00
-1.50945343e-01 -4.56357349e-01 8.76899923e-01 -8.27488173e-01 -9.27843660e-01 3.71453027e-01 3.35974929e-02 -1.10958526e+00 -3.41059593e-01 -8.08554648e-01 -4.79497377e-01 1.22629454e+00
-1.49590976e-01 -4.62707829e-01 8.73798607e-01 -8.17236283e-01 -9.28196703e-01 3.70230992e-01 3.71469211e-02 -1.13795483e+00 -3.40695497e-01 -8.05500141e-01 -4.84867096e-01 1.22954322e+00
-1.56020262e-01 -4.61647612e-01 8.73234883e-01 -8.02577257e-01 -9.29238779e-01 3.68362367e-01 2.87133846e-02 -1.16140300e+00 -3.34922334e-01 -8.06963846e-01 -4.86452856e-01 1.21722999e+00
-1.68240389e-01 -4.57528579e-01 8.73133879e-01 -7.93300701e-01 -9.28262060e-01 3.71588815e-01 1.58524737e-02 -1.18890255e+00 -3.31699743e-01 -8.07830027e-01 -4.87222668e-01 1.20779362e+00
-1.77824087e-01 -4.53841940e-01 8.73158684e-01 -8.13115544e-01 -9.28734205e-01 3.70729231e-01 3.55165820e-03 -1.16827110e+00 -3.25317339e-01 -8.10300766e-01 -4.87423120e-01 1.21969931e+00
-1.78275652e-01 -4.53873735e-01 8.73050070e-01 -8.06989488e-01 -9.28197359e-01 3.72067904e-01 3.89079625e-03 -1.19766402e+00 -3.26599840e-01 -8.09669135e-01 -4.87615050e-01 1.21397542e+00
-1.83357576e-01 -4.52476180e-01 8.72722926e-01 -7.90887201e-01 -9.28165963e-01 3.72160888e-01 -2.05371488e-03 -1.21815976e+00 -3.23864082e-01 -8.10408279e-01 -4.88211508e-01 1.19864928e+00
-1.92662114e-01 -4.49873834e-01 8.72063555e-01 -7.74321671e-01 -9.26945778e-01 3.75024444e-01 -1.13221658e-02 -1.23502740e+00 -3.21951603e-01 -8.10536983e-01 -4.89261653e-01 1.17939361e+00
-1.99449604e-01 -4.46956928e-01 8.72037476e-01 -7.67862598e-01 -9.27130127e-01 3.74191424e-01 -2.02609268e-02 -1.25917898e+00 -3.17253184e-01 -8.12533250e-01 -4.89019565e-01 1.16195041e+00
-2.05287370e-01 -4.46720498e-01 8.70803015e-01 -7.58717019e-01 -9.26789739e-01 3.74659598e-01 -2.62862047e-02 -1.28572684e+00 -3.14512121e-01 -8.12447526e-01 -4.90928858e-01 1.15009980e+00
-2.14350285e-01 -4.44490217e-01 8.69759968e-01 -7.47455405e-01 -9.24667727e-01 3.79247913e-01 -3.40677940e-02 -1.30747513e+00 -3.14711851e-01 -8.11541414e-01 -4.92297658e-01 1.13167268e+00
-2.23827870e-01 -4.44427448e-01 8.67401480e-01 -7.29258484e-01 -9.23233252e-01 3.81873915e-01 -4.25755362e-02 -1.31970896e+00 -3.12316261e-01 -8.10343481e-01 -4.95784223e-01 1.11050272e+00
-2.34419104e-01 -4.43508467e-01 8.65071051e-01 -7.14890055e-01 -9.21864741e-01 3.83869567e-01 -5.30052441e-02 -1.33979023e+00 -3.08566175e-01 -8.09903942e-01 -4.98841177e-01 1.09231126e+00
-2.40845255e-01 -4.40885226e-01 8.64646621e-01 -7.03244056e-01 -9.21508431e-01 3.83517446e-01 -6.11275817e-02 -1.36343791e+00 -3.04656817e-01 -8.11501439e-01 -4.98647810e-01 1.07733486e+00
-2.47520830e-01 -4.40956826e-01 8.62722734e-01 -6.95498878e-01 -9.21310378e-01 3.82707160e-01 -6.87198476e-02 -1.38854286e+00 -2.99867682e-01 -8.11845002e-01 -5.00986094e-01 1.06240303e+00
-2.57331374e-01 -4.42527117e-01 8.59040345e-01 -6.77671990e-01 -9.20028932e-01 3.84058139e-01 -7.77567306e-02 -1.40367271e+00 -2.95511974e-01 -8.10351218e-01 -5.05967960e-01 1.04361775e+00
-2.60036018e-01 -4.46725058e-01 8.56047891e-01 -6.74089706e-01 -9.19891801e-01 3.84139498e-01 -7.89678499e-02 -1.43292269e+00 -2.93564890e-01 -8.08005921e-01 -5.10828823e-01 1.03650973e+00
-2.69505789e-01 -4.49150361e-01 8.51839528e-01 -6.58295693e-01 -9.18982391e-01 3.84329675e-01 -8.81025826e-02 -1.45667269e+00 -2.87815902e-01 -8.06569683e-01 -5.16340346e-01 1.02713866e+00
-2.79301521e-01 -4.49334011e-01 8.48580938e-01 -6.38716499e-01 -9.17547394e-01 3.85375877e-01 -9.79398549e-02 -1.46856507e+00 -2.83014915e-01 -8.05967978e-01 -5.19921319e-01 1.00807267e+00
-2.88365330e-01 -4.50145728e-01 8.45111981e-01 -6.17585565e-01 -9.15680568e-01 3.87692542e-01 -1.05941449e-01 -1.47967351e+00 -2.79954521e-01 -8.04402459e-01 -5.23986783e-01 9.89741748e-01
-3.00024348e-01 -4.50992750e-01 8.40589632e-01 -6.00284382e-01 -9.12590000e-01 3.92297752e-01 -1.15247410e-01 -1.49292955e+00 -2.77785677e-01 -8.01690722e-01 -5.29270351e-01 9.69306295e-01
-3.10459185e-01 -4.51747612e-01 8.36384594e-01 -5.79415110e-01 -9.10935249e-01 3.92855377e-01 -1.25942943e-01 -1.50018356e+00 -2.71683761e-01 -8.00992352e-01 -5.33478384e-01 9.49199236e-01
-3.21865033e-01 -4.52671678e-01 8.31559530e-01 -5.57453741e-01 -9.08863044e-01 3.93810222e-01 -1.37409885e-01 -1.50788773e+00 -2.65275081e-01 -8.00001163e-01 -5.38170299e-01 9.30412759e-01
-3.32393388e-01 -4.57383426e-01 8.24812122e-01 -5.27690755e-01 -9.07420614e-01 3.93494099e-01 -1.47479567e-01 -1.50593926e+00 -2.57103993e-01 -7.97472756e-01 -5.45833986e-01 9.28019452e-01
-3.41672942e-01 -4.61790260e-01 8.18540993e-01 -5.11778500e-01 -9.06283636e-01 3.92479095e-01 -1.56876166e-01 -1.52699913e+00 -2.48816342e-01 -7.95430648e-01 -5.52612443e-01 9.13593377e-01
-3.57121851e-01 -4.60610296e-01 8.12589772e-01 -5.11402817e-01 -9.03178451e-01 3.92125199e-01 -1.74661141e-01 -1.49876066e+00 -2.38186206e-01 -7.96288882e-01 -5.56049771e-01 9.03378213e-01
-3.68323694e-01 -4.59725867e-01 8.08077833e-01 -4.93160731e-01 -9.00288331e-01 3.93259010e-01 -1.86623340e-01 -1.51887130e+00 -2.31988312e-01 -7.96240842e-01 -5.58732444e-01 8.91095074e-01
-3.78439520e-01 -4.59182267e-01 8.03700924e-01 -4.68407617e-01 -8.98626631e-01 3.90441161e-01 -2.00064686e-01 -1.51678503e+00 -2.21931766e-01 -7.97939437e-01 -5.60391779e-01 8.74527087e-01
-3.89352067e-01 -4.58272012e-01 7.98994200e-01 -4.41103302e-01 -8.96331698e-01 3.88273929e-01 -2.14086065e-01 -1.51499371e+00 -2.12118966e-01 -7.99518680e-01 -5.61938987e-01 8.62207303e-01
-3.98445278e-01 -4.55035408e-01 7.96356791e-01 -4.46163154e-01 -8.93495111e-01 3.88658576e-01 -2.24968879e-01 -1.52988392e+00 -2.07142091e-01 -8.01178687e-01 -5.61431088e-01 8.36818182e-01
-4.10018149e-01 -4.56914696e-01 7.89375752e-01 -4.18220823e-01 -8.89994162e-01 3.89723935e-01 -2.36697373e-01 -1.53010915e+00 -1.99488117e-01 -7.99590029e-01 -5.66445299e-01 8.26282962e-01
-4.23556271e-01 -4.56301343e-01 7.82552983e-01 -3.98465978e-01 -8.84101215e-01 3.96468813e-01 -2.47340904e-01 -1.55097997e+00 -1.97395866e-01 -7.96618833e-01 -5.71343423e-01 8.19814436e-01
-4.35479140e-01 -4.54876650e-01 7.76817322e-01 -3.69511023e-01 -8.79773896e-01 3.97837907e-01 -2.60236222e-01 -1.55404027e+00 -1.90671997e-01 -7.96751048e-01 -5.73438713e-01 8.14547071e-01
-4.47997947e-01 -4.54281662e-01 7.70016889e-01 -3.41938080e-01 -8.75205610e-01 3.98677068e-01 -2.73992218e-01 -1.55036731e+00 -1.82518436e-01 -7.96671052e-01 -5.76196368e-01 8.06050663e-01
-4.58922773e-01 -4.52957007e-01 7.64342749e-01 -3.20899308e-01 -8.70427001e-01 4.01734642e-01 -2.84545450e-01 -1.54451154e+00 -1.78176106e-01 -7.95888954e-01 -5.78631185e-01 7.86835055e-01
-4.69170069e-01 -4.53789683e-01 7.57597763e-01 -2.94406247e-01 -8.65740800e-01 4.05641752e-01 -2.93168274e-01 -1.54876376e+00 -1.74276546e-01 -7.93429072e-01 -5.83179212e-01 7.99036507e-01
-4.75977878e-01 -4.57126788e-01 7.51318946e-01 -2.65969498e-01 -8.63205315e-01 4.06309242e-01 -2.99648767e-01 -1.54465022e+00 -1.68290354e-01 -7.91168692e-01 -5.87988484e-01 7.91089546e-01
-4.87086218e-01 -4.56669758e-01 7.44445934e-01 -2.36701296e-01 -8.57547322e-01 4.11522534e-01 -3.08645094e-01 -1.54609038e+00 -1.65407396e-01 -7.88734389e-01 -5.92062882e-01 7.88979915e-01
-4.98798284e-01 -4.53690767e-01 7.38488294e-01 -2.08303141e-01 -8.51355807e-01 4.16183931e-01 -3.19349691e-01 -1.54061735e+00 -1.62460954e-01 -7.88007376e-01 -5.93844099e-01 7.81339979e-01
-5.16306477e-01 -4.43148573e-01 7.32834882e-01 -1.90652626e-01 -8.41568214e-01 4.21123157e-01 -3.38257634e-01 -1.51744994e+00 -1.58715351e-01 -7.91375150e-01 -5.90368368e-01 7.74474584e-01
-5.24061803e-01 -4.41909118e-01 7.28062880e-01 -1.66945228e-01 -8.38261603e-01 4.18783560e-01 -3.49195955e-01 -1.50145211e+00 -1.50587888e-01 -7.93307419e-01 -5.89903913e-01 7.81140347e-01
-5.30841372e-01 -4.40444242e-01 7.24027836e-01 -1.40052113e-01 -8.34402182e-01 4.21091681e-01 -3.55604828e-01 -1.49032510e+00 -1.48258000e-01 -7.92900162e-01 -5.91040523e-01 7.83424141e-01
-5.38806250e-01 -4.36695163e-01 7.20406245e-01 -1.14409005e-01 -8.29458899e-01 4.24488626e-01 -3.63052807e-01 -1.47963675e+00 -1.47260853e-01 -7.93162493e-01 -5.90937814e-01 7.72529300e-01
-5.38000407e-01 -4.27662067e-01 7.26402588e-01 -1.29236239e-01 -8.29028429e-01 4.24383186e-01 -3.64157624e-01 -1.49028840e+00 -1.52536643e-01 -7.98125346e-01 -5.82862339e-01 7.48858045e-01
-5.40423178e-01 -4.26603488e-01 7.25225656e-01 -1.06920665e-01 -8.26888498e-01 4.28637201e-01 -3.64040603e-01 -1.49271458e+00 -1.55557704e-01 -7.96416733e-01 -5.84398996e-01 7.68270072e-01
-5.42699966e-01 -4.27765703e-01 7.22836946e-01 -8.05529932e-02 -8.25659083e-01 4.29644966e-01 -3.65639549e-01 -1.47944298e+00 -1.54155196e-01 -7.95249461e-01 -5.86356947e-01 7.71760329e-01
-5.46641485e-01 -4.24960632e-01 7.21520303e-01 -5.25597270e-02 -8.22407630e-01 4.34604379e-01 -3.67103151e-01 -1.47163643e+00 -1.57571496e-01 -7.94057614e-01 -5.87063649e-01 7.65091134e-01
-5.43842855e-01 -4.20633114e-01 7.26156136e-01 -8.11065449e-02 -8.23352128e-01 4.34755583e-01 -3.64799750e-01 -1.47822773e+00 -1.62253579e-01 -7.96275937e-01 -5.82767886e-01 7.71293461e-01
-5.41700074e-01 -4.20836474e-01 7.27638435e-01 -5.43458290e-02 -8.24893536e-01 4.32557854e-01 -3.63929054e-01 -1.46575831e+00 -1.61591100e-01 -7.97364637e-01 -5.81461909e-01 7.66588940e-01
-5.40822662e-01 -4.22789456e-01 7.27158803e-01 -2.82426068e-02 -8.25229704e-01 4.34028956e-01 -3.61406695e-01 -1.45210093e+00 -1.62809036e-01 -7.95529975e-01 -5.83631114e-01 7.70932747e-01
-5.36461094e-01 -4.25465916e-01 7.28826625e-01 -3.18342624e-04 -8.27339906e-01 4.35514641e-01 -3.54733247e-01 -1.44167343e+00 -1.66487760e-01 -7.93287938e-01 -5.85641591e-01 7.74280785e-01
-5.28429992e-01 -4.22949556e-01 7.36121876e-01 1.95046445e-02 -8.31103893e-01 4.34693920e-01 -3.46853737e-01 -1.43639442e+00 -1.73286070e-01 -7.95081675e-01 -5.81220327e-01 7.52421850e-01
-5.21923214e-01 -4.23645384e-01 7.40351772e-01 4.80148952e-02 -8.34539854e-01 4.33166831e-01 -3.40455179e-01 -1.42690381e+00 -1.76463565e-01 -7.95544522e-01 -5.79628781e-01 7.56305757e-01
-5.13751442e-01 -4.24223686e-01 7.45716916e-01 7.51530836e-02 -8.38755564e-01 4.31132899e-01 -3.32586117e-01 -1.41450284e+00 -1.80412187e-01 -7.96340811e-01 -5.77315127e-01 7.62041790e-01
-5.03862537e-01 -4.26188262e-01 7.51322906e-01 9.76611552e-02 -8.44160080e-01 4.27306907e-01 -3.23732246e-01 -1.39916034e+00 -1.83074584e-01 -7.97353355e-01 -5.75075059e-01 7.74994812e-01
-4.94596085e-01 -4.26883328e-01 7.57063628e-01 1.26014735e-01 -8.48596087e-01 4.25385822e-01 -3.14533916e-01 -1.39144499e+00 -1.87774849e-01 -7.98008475e-01 -5.72645684e-01 7.69601877e-01
-4.88612390e-01 -4.26836751e-01 7.60965388e-01 1.52363021e-01 -8.51821469e-01 4.22129936e-01 -3.10171733e-01 -1.37650286e+00 -1.88833576e-01 -7.99760405e-01 -5.69846625e-01 7.67279146e-01
-4.79779066e-01 -4.26266031e-01 7.66882858e-01 1.80950357e-01 -8.55971550e-01 4.19347936e-01 -3.02423569e-01 -1.36691680e+00 -1.92677849e-01 -8.01526406e-01 -5.66065956e-01 7.59972303e-01
-4.70655011e-01 -4.25646544e-01 7.72857607e-01 2.11030325e-01 -8.59775991e-01 4.17984315e-01 -2.93384315e-01 -1.35998637e+00 -1.98164338e-01 -8.02567213e-01 -5.62687092e-01 7.57224990e-01
-4.59305997e-01 -4.24285309e-01 7.80397320e-01 2.41154174e-01 -8.64183114e-01 4.16674417e-01 -2.82081508e-01 -1.36072408e+00 -2.05488558e-01 -8.03967915e-01 -5.58041258e-01 7.55948519e-01
-4.48103374e-01 -4.22548029e-01 7.87817574e-01 2.69458579e-01 -8.68455224e-01 4.14836264e-01 -2.71470805e-01 -1.35690476e+00 -2.12105846e-01 -8.05831271e-01 -5.52853573e-01 7.46811092e-01
-4.28190520e-01 -4.16767023e-01 8.01846698e-01 2.97925168e-01 -8.75591880e-01 4.10869685e-01 -2.54017641e-01 -1.35471633e+00 -2.23588324e-01 -8.10858403e-01 -5.40848326e-01 7.36434266e-01
-4.17032185e-01 -4.14508086e-01 8.08867854e-01 3.27208728e-01 -8.78537128e-01 4.11915462e-01 -2.41863942e-01 -1.35901044e+00 -2.32930616e-01 -8.11485488e-01 -5.35942749e-01 7.31016386e-01
-4.07299676e-01 -4.12025578e-01 8.15071713e-01 3.53569546e-01 -8.80088325e-01 4.15531794e-01 -2.29734341e-01 -1.35624927e+00 -2.44031786e-01 -8.10905821e-01 -5.31864866e-01 7.16861879e-01
-3.97225470e-01 -4.10090835e-01 8.20997827e-01 3.79472984e-01 -8.82033323e-01 4.17651717e-01 -2.18138166e-01 -1.36447212e+00 -2.53434690e-01 -8.10797478e-01 -5.27615682e-01 7.04540045e-01
-3.86202917e-01 -4.08535132e-01 8.27010491e-01 4.08130725e-01 -8.85741233e-01 4.14540731e-01 -2.08850308e-01 -1.36779774e+00 -2.57506845e-01 -8.13175891e-01 -5.21953251e-01 6.95670793e-01
-3.75469070e-01 -4.08246683e-01 8.32080299e-01 4.35675766e-01 -8.89139891e-01 4.12087720e-01 -1.99032574e-01 -1.37171629e+00 -2.61635685e-01 -8.14566361e-01 -5.17714605e-01 6.84436525e-01
-3.66249972e-01 -4.06836805e-01 8.36866042e-01 4.64366978e-01 -8.91518389e-01 4.11056108e-01 -1.90336115e-01 -1.37354068e+00 -2.66563161e-01 -8.15792063e-01 -5.13251781e-01 6.75958936e-01
-3.56995807e-01 -4.08050820e-01 8.40266936e-01 4.92884272e-01 -8.94177236e-01 4.09471797e-01 -1.81052253e-01 -1.37589356e+00 -2.70187092e-01 -8.15982461e-01 -5.11049468e-01 6.66921196e-01
-3.45090977e-01 -4.07387434e-01 8.45545798e-01 5.22792356e-01 -8.98137746e-01 4.04902602e-01 -1.71471494e-01 -1.37857122e+00 -2.72508361e-01 -8.18589861e-01 -5.05618266e-01 6.60044379e-01
-3.32621339e-01 -4.06914451e-01 8.50754768e-01 5.49262948e-01 -9.02580230e-01 3.98829024e-01 -1.62124452e-01 -1.37358622e+00 -2.73334911e-01 -8.21800486e-01 -4.99931983e-01 6.45325726e-01
-3.19908102e-01 -4.05172186e-01 8.56442821e-01 5.75152921e-01 -9.06165089e-01 3.94773776e-01 -1.51718476e-01 -1.38083519e+00 -2.76629060e-01 -8.24614555e-01 -4.93444220e-01 6.30695317e-01
-3.09798580e-01 -4.04043172e-01 8.60682261e-01 6.04989321e-01 -9.09567298e-01 3.89629998e-01 -1.44484582e-01 -1.38201063e+00 -2.76969619e-01 -8.27609557e-01 -4.88211277e-01 6.26894436e-01
-3.00202803e-01 -4.02979364e-01 8.64572674e-01 6.34922924e-01 -9.12462895e-01 3.85486527e-01 -1.37155392e-01 -1.38229821e+00 -2.78010325e-01 -8.30064919e-01 -4.83427853e-01 6.22923526e-01
-2.91181631e-01 -3.99556005e-01 8.69234293e-01 6.63715625e-01 -9.14293525e-01 3.83649008e-01 -1.29926091e-01 -1.38192822e+00 -2.81568124e-01 -8.32567377e-01 -4.77023012e-01 6.13115672e-01
-2.81549001e-01 -3.96553575e-01 8.73770806e-01 6.93937393e-01 -9.16305094e-01 3.81394040e-01 -1.22162028e-01 -1.38377786e+00 -2.84807189e-01 -8.35035238e-01 -4.70745172e-01 6.08042846e-01
-2.72300342e-01 -3.93873828e-01 8.77904284e-01 7.02748400e-01 -9.16962893e-01 3.82722405e-01 -1.12705875e-01 -1.40793815e+00 -2.91601744e-01 -8.35695500e-01 -4.65383126e-01 6.24674649e-01
-2.60648667e-01 -3.93245588e-01 8.81714341e-01 7.31124293e-01 -9.18551530e-01 3.82155131e-01 -1.01096702e-01 -1.40559056e+00 -2.97195828e-01 -8.36250777e-01 -4.60824562e-01 6.13812944e-01
-2.51758514e-01 -3.92091304e-01 8.84806227e-01 7.60645267e-01 -9.19706617e-01 3.81524747e-01 -9.26207717e-02 -1.40774867e+00 -3.01259673e-01 -8.37080209e-01 -4.56661070e-01 6.07750071e-01
-2.39709398e-01 -3.90014908e-01 8.89060052e-01 7.32020441e-01 -9.22015698e-01 3.78221866e-01 -8.26757002e-02 -1.41529834e+00 -3.04017196e-01 -8.39545467e-01 -4.50263204e-01 6.14475828e-01
-2.28198617e-01 -3.87686735e-01 8.93098195e-01 7.55107313e-01 -9.23195976e-01 3.77523335e-01 -7.20091661e-02 -1.40539790e+00 -3.09248411e-01 -8.40937053e-01 -4.44061137e-01 5.98009984e-01
-2.16395371e-01 -3.88454629e-01 8.95698635e-01 7.84869097e-01 -9.24140510e-01 3.77374807e-01 -5.96034602e-02 -1.40045714e+00 -3.14860860e-01 -8.40649306e-01 -4.40648821e-01 5.95643921e-01
-2.04727951e-01 -3.92060691e-01 8.96869490e-01 8.13567438e-01 -9.24558851e-01 3.78291119e-01 -4.56810739e-02 -1.39515234e+00 -3.21368009e-01 -8.38560817e-01 -4.39929948e-01 5.86514672e-01
-1.95315527e-01 -3.95231445e-01 8.97576710e-01 8.38921014e-01 -9.25718295e-01 3.76530701e-01 -3.56408363e-02 -1.38025424e+00 -3.23878808e-01 -8.37864390e-01 -4.39415272e-01 5.79717071e-01
-1.84846527e-01 -3.97850309e-01 8.98636129e-01 8.68335559e-01 -9.26727719e-01 3.74925095e-01 -2.46354841e-02 -1.37570444e+00 -3.27120001e-01 -8.37344795e-01 -4.38002511e-01 5.77127113e-01
-1.69947238e-01 -4.00514036e-01 9.00392383e-01 8.40835812e-01 -9.28636319e-01 3.70847873e-01 -1.03170576e-02 -1.38872152e+00 -3.29776474e-01 -8.37890424e-01 -4.34956452e-01 5.80827175e-01
-1.59021502e-01 -4.04082081e-01 9.00794002e-01 8.68954656e-01 -9.27945993e-01 3.72699423e-01 3.37235074e-03 -1.37696660e+00 -3.37088111e-01 -8.35351909e-01 -4.34233570e-01 5.83769941e-01
-1.48937726e-01 -4.05023756e-01 9.02093849e-01 8.97803498e-01 -9.26975334e-01 3.74812650e-01 1.52383579e-02 -1.36709211e+00 -3.44288083e-01 -8.33949180e-01 -4.31270775e-01 5.83876244e-01
-1.39274551e-01 -4.06506346e-01 9.02970205e-01 9.19968240e-01 -9.27340929e-01 3.73377777e-01 2.50566901e-02 -1.34737026e+00 -3.47334711e-01 -8.33871469e-01 -4.28971995e-01 5.90776444e-01
-1.28605833e-01 -4.07234279e-01 9.04223856e-01 9.40890068e-01 -9.26329739e-01 3.74883766e-01 3.70860743e-02 -1.33206682e+00 -3.54081565e-01 -8.32839963e-01 -4.25445462e-01 5.74556846e-01
-1.17233886e-01 -4.08181726e-01 9.05341866e-01 9.16216768e-01 -9.25751231e-01 3.74923783e-01 4.91611225e-02 -1.34955930e+00 -3.59500869e-01 -8.32357997e-01 -4.21828507e-01 5.72556958e-01
-1.09117098e-01 -4.08198361e-01 9.06348474e-01 9.25282682e-01 -9.22905968e-01 3.80295482e-01 6.01657892e-02 -1.34563002e+00 -3.69239806e-01 -8.29909299e-01 -4.18225443e-01 5.43652430e-01
-1.02067808e-01 -4.08321406e-01 9.07113990e-01 9.47128398e-01 -9.20624983e-01 3.84236332e-01 6.93691714e-02 -1.32498842e+00 -3.76871070e-01 -8.28031443e-01 -4.15129048e-01 5.48703689e-01
-9.22817176e-02 -4.06804512e-01 9.08842216e-01 9.68528414e-01 -9.20601844e-01 3.82671789e-01 7.78109664e-02 -1.30309322e+00 -3.79442129e-01 -8.29501290e-01 -4.09818594e-01 5.48950079e-01
-8.32921947e-02 -4.04250609e-01 9.10847878e-01 9.89670303e-01 -9.19038831e-01 3.84531496e-01 8.66207539e-02 -1.28178560e+00 -3.85266190e-01 -8.29889736e-01 -4.03550480e-01 5.44004244e-01
-7.32033572e-02 -4.03333046e-01 9.12120454e-01 1.01302553e+00 -9.18987658e-01 3.82567436e-01 9.54140515e-02 -1.26203407e+00 -3.87431223e-01 -8.31242811e-01 -3.98663312e-01 5.42010194e-01
-7.06955924e-02 -4.02896029e-01 9.12511327e-01 1.03291753e+00 -9.16646129e-01 3.87023254e-01 9.98642854e-02 -1.24282096e+00 -3.93398028e-01 -8.29390011e-01 -3.96673924e-01 5.55313864e-01
-6.34513001e-02 -3.99066999e-01 9.14723708e-01 1.01323592e+00 -9.14022827e-01 3.91221418e-01 1.07275694e-01 -1.26309386e+00 -4.00669696e-01 -8.29271567e-01 -3.89579854e-01 5.44929548e-01
-5.70730636e-02 -3.97685113e-01 9.15745171e-01 1.03516572e+00 -9.13491700e-01 3.90900600e-01 1.12825688e-01 -1.24224657e+00 -4.02834432e-01 -8.30086304e-01 -3.85591945e-01 5.45530602e-01
-5.39018521e-02 -3.97015558e-01 9.16227721e-01 1.05189067e+00 -9.12943412e-01 3.91297682e-01 1.15846667e-01 -1.21794763e+00 -4.04510713e-01 -8.30219712e-01 -3.83544408e-01 5.53058171e-01
-4.44288207e-02 -3.94983664e-01 9.17613200e-01 1.03467326e+00 -9.11329244e-01 3.92322112e-01 1.24749231e-01 -1.24070967e+00 -4.09273857e-01 -8.30705282e-01 -3.77390572e-01 5.43014606e-01
-3.82049959e-02 -3.96404047e-01 9.17280878e-01 1.05842105e+00 -9.09642143e-01 3.93767787e-01 1.32280387e-01 -1.22186125e+00 -4.13632143e-01 -8.29343573e-01 -3.75629724e-01 5.43820932e-01
-3.43060905e-02 -3.96193676e-01 9.17525838e-01 1.07976547e+00 -9.05282291e-01 4.01278310e-01 1.39426299e-01 -1.20208255e+00 -4.23423035e-01 -8.25836721e-01 -3.72433408e-01 5.49520996e-01
-2.25057419e-02 -3.92220711e-01 9.19595784e-01 1.07114456e+00 -9.00040216e-01 4.08383092e-01 1.52154062e-01 -1.22166459e+00 -4.35225344e-01 -8.24248848e-01 -3.62205378e-01 5.28648267e-01
-1.57395887e-02 -3.89772773e-01 9.20776548e-01 1.09353434e+00 -8.97484980e-01 4.11453109e-01 1.58830255e-01 -1.20173443e+00 -4.40764083e-01 -8.23883199e-01 -3.56291312e-01 5.22110790e-01
-1.03672902e-02 -3.88762023e-01 9.21279875e-01 1.11024388e+00 -8.95444881e-01 4.13670614e-01 1.64484313e-01 -1.18136106e+00 -4.45051666e-01 -8.23250092e-01 -3.52403606e-01 5.37092769e-01
3.37091328e-03 -3.85599032e-01 9.22660297e-01 1.08500220e+00 -8.91015934e-01 4.17697008e-01 1.77819616e-01 -1.19732304e+00 -4.53959517e-01 -8.22704441e-01 -3.42166860e-01 5.37725755e-01
9.02085589e-03 -3.81667205e-01 9.24255792e-01 1.09894361e+00 -8.87741981e-01 4.22369382e-01 1.83079983e-01 -1.17205635e+00 -4.60252973e-01 -8.22152205e-01 -3.35011867e-01 5.46107100e-01
1.82945514e-02 -3.80824081e-01 9.24466510e-01 1.11926126e+00 -8.85952648e-01 4.22380332e-01 1.91527444e-01 -1.14979827e+00 -4.63414734e-01 -8.22537460e-01 -3.29664844e-01 5.49462899e-01
2.52189640e-02 -3.82321284e-01 9.23685249e-01 1.12758140e+00 -8.84056329e-01 4.22828503e-01 1.99149355e-01 -1.13190741e+00 -4.66699488e-01 -8.21612130e-01 -3.27330254e-01 5.72168809e-01
3.80856033e-02 -3.82116237e-01 9.23329122e-01 1.15218764e+00 -8.82035700e-01 4.21407936e-01 2.10780395e-01 -1.11440517e+00 -4.69640831e-01 -8.22436948e-01 -3.20990587e-01 5.72042947e-01
4.35490200e-02 -3.83047476e-01 9.22701530e-01 1.15778485e+00 -8.81215637e-01 4.20416993e-01 2.16121616e-01 -1.09007721e+00 -4.70704242e-01 -8.22510902e-01 -3.19238678e-01 5.87832959e-01
5.38834416e-02 -3.81822967e-01 9.22663426e-01 1.17697989e+00 -8.79715586e-01 4.19018053e-01 2.24776244e-01 -1.07045086e+00 -4.72437365e-01 -8.23793114e-01 -3.13317480e-01 5.99120483e-01
7.03276543e-02 -3.81123993e-01 9.21845173e-01 1.15536955e+00 -8.78788793e-01 4.13602198e-01 2.38040922e-01 -1.09140235e+00 -4.72000296e-01 -8.26848065e-01 -3.05839822e-01 5.95261747e-01
8.57498821e-02 -3.82254844e-01 9.20069667e-01 1.15348969e+00 -8.76623517e-01 4.09909434e-01 2.52002906e-01 -1.11535613e+00 -4.73474568e-01 -8.28163927e-01 -2.99943900e-01 5.76546537e-01
9.65211429e-02 -3.85828107e-01 9.17507679e-01 1.17657919e+00 -8.75226691e-01 4.06074181e-01 2.62834545e-01 -1.09581445e+00 -4.73985135e-01 -8.28396301e-01 -2.98492314e-01 5.76062937e-01
1.07210677e-01 -3.88870455e-01 9.15033136e-01 1.20036012e+00 -8.71152776e-01 4.06808104e-01 2.74954558e-01 -1.07847583e+00 -4.79164599e-01 -8.26611721e-01 -2.95151404e-01 5.81048629e-01
1.17934722e-01 -3.90778579e-01 9.12898408e-01 1.21710594e+00 -8.66894765e-01 4.07873794e-01 2.86587569e-01 -1.06107644e+00 -4.84339620e-01 -8.25185476e-01 -2.90661422e-01 5.98151676e-01
1.29583325e-01 -3.91183817e-01 9.11143996e-01 1.23271222e+00 -8.64527584e-01 4.05429042e-01 2.97017420e-01 -1.03600269e+00 -4.85592646e-01 -8.26197623e-01 -2.85652357e-01 5.93116108e-01
1.40810231e-01 -3.92524349e-01 9.08898847e-01 1.25796794e+00 -8.60304304e-01 4.05809044e-01 3.08537720e-01 -1.02002166e+00 -4.89947940e-01 -8.25374858e-01 -2.80548321e-01 5.89587469e-01
1.52735147e-01 -3.92043394e-01 9.07179118e-01 1.28054050e+00 -8.57585819e-01 4.03616344e-01 3.18810930e-01 -1.00514501e+00 -4.91140039e-01 -8.26677581e-01 -2.74564453e-01 5.77624895e-01
1.63409902e-01 -3.91868421e-01 9.05392923e-01 1.30403285e+00 -8.57106370e-01 3.98059955e-01 3.26981564e-01 -9.86785378e-01 -4.88534415e-01 -8.29450067e-01 -2.70825982e-01 5.75425130e-01
1.77158290e-01 -3.91016925e-01 9.03172577e-01 1.27711939e+00 -8.54488733e-01 3.94224912e-01 3.38283495e-01 -9.99746017e-01 -4.88327701e-01 -8.31680517e-01 -2.64279346e-01 5.70193624e-01
1.89213198e-01 -3.90946675e-01 9.00754719e-01 1.29830051e+00 -8.50391466e-01 3.93405449e-01 3.49380175e-01 -9.81258260e-01 -4.90950833e-01 -8.32101466e-01 -2.58020213e-01 5.81224373e-01
2.01895851e-01 -3.87187668e-01 8.99624241e-01 1.32574098e+00 -8.44636080e-01 3.96164969e-01 3.60060007e-01 -9.69003738e-01 -4.95810404e-01 -8.32549714e-01 -2.47048610e-01 5.79781970e-01
2.14635516e-01 -3.82013284e-01 8.98886782e-01 1.35035521e+00 -8.42931837e-01 3.92432500e-01 3.68052512e-01 -9.52039969e-01 -4.93353336e-01 -8.36697427e-01 -2.37781207e-01 5.76808538e-01
2.25091238e-01 -3.81369795e-01 8.96599695e-01 1.37826977e+00 -8.38975771e-01 3.92048177e-01 3.77382939e-01 -9.41551393e-01 -4.95432730e-01 -8.37171014e-01 -2.31713408e-01 5.77619895e-01
2.36592136e-01 -3.80015216e-01 8.94210600e-01 1.40437356e+00 -8.34592044e-01 3.91737244e-01 3.87295820e-01 -9.28940515e-01 -4.97473901e-01 -8.37932197e-01 -2.24475725e-01 5.72889309e-01
2.48570547e-01 -3.79184797e-01 8.91308910e-01 1.43258637e+00 -8.30875211e-01 3.89494482e-01 3.97417201e-01 -9.18326015e-01 -4.97854463e-01 -8.39352690e-01 -2.18238392e-01 5.69983621e-01
2.63477323e-01 -3.77476402e-01 8.87745046e-01 1.40902526e+00 -8.27557222e-01 3.84446897e-01 4.09083887e-01 -9.35381759e-01 -4.95710342e-01 -8.42444152e-01 -2.11090283e-01 5.63511825e-01
2.78216560e-01 -3.75560173e-01 8.84053224e-01 1.43514711e+00 -8.23382428e-01 3.80694286e-01 4.20848235e-01 -9.21792256e-01 -4.94607846e-01 -8.45000838e-01 -2.03314193e-01 5.61201052e-01
2.91541935e-01 -3.71373773e-01 8.81524147e-01 1.46102925e+00 -8.18690936e-01 3.79744670e-01 4.30742541e-01 -9.07327477e-01 -4.94720579e-01 -8.47275343e-01 -1.93328846e-01 5.57565742e-01
3.02467095e-01 -3.68948537e-01 8.78857573e-01 1.48859409e+00 -8.14201778e-01 3.79382654e-01 4.39481816e-01 -8.95443598e-01 -4.95569491e-01 -8.48496187e-01 -1.85647785e-01 5.59677708e-01
3.14415316e-01 -3.67703018e-01 8.75178553e-01 1.51521932e+00 -8.09484130e-01 3.77722015e-01 4.49512539e-01 -8.82127488e-01 -4.95861324e-01 -8.49776776e-01 -1.78888171e-01 5.58214088e-01
3.25848475e-01 -3.68731564e-01 8.70551437e-01 1.54128863e+00 -8.03246441e-01 3.77659130e-01 4.60617778e-01 -8.68371551e-01 -4.98616012e-01 -8.49358944e-01 -1.73122664e-01 5.56844207e-01
3.36683711e-01 -3.67558142e-01 8.66917003e-01 1.56625640e+00 -7.96951390e-01 3.79119866e-01 4.70251644e-01 -8.51835185e-01 -5.01510279e-01 -8.49216780e-01 -1.65282489e-01 5.53472200e-01
3.49357626e-01 -3.62691074e-01 8.63947009e-01 1.58900756e+00 -7.92923732e-01 3.76820931e-01 4.78829761e-01 -8.35471427e-01 -4.99220597e-01 -8.52326915e-01 -1.55941095e-01 5.41770709e-01
3.60317898e-01 -3.61465105e-01 8.59949993e-01 1.61725705e+00 -7.88708389e-01 3.74206275e-01 4.87758896e-01 -8.24637284e-01 -4.98106504e-01 -8.53998033e-01 -1.50257342e-01 5.40092117e-01
3.70956373e-01 -3.60925893e-01 8.55642372e-01 1.64262418e+00 -7.82426710e-01 3.74812146e-01 4.97317100e-01 -8.09725894e-01 -5.00199772e-01 -8.53960394e-01 -1.43359105e-01 5.36670726e-01
3.81396615e-01 -3.58941311e-01 8.51878957e-01 1.66608866e+00 -7.76715641e-01 3.75257087e-01 5.05860584e-01 -7.92327886e-01 -5.01247877e-01 -8.54601225e-01 -1.35673548e-01 5.33931584e-01
3.89354640e-01 -3.56876728e-01 8.49141899e-01 1.67984927e+00 -7.73987582e-01 3.73016832e-01 5.11665582e-01 -7.66387780e-01 -4.99345760e-01 -8.56444654e-01 -1.30982321e-01 5.29428797e-01
3.97947477e-01 -3.59781372e-01 8.43916565e-01 1.70406514e+00 -7.69551128e-01 3.69869599e-01 5.20564638e-01 -7.49419332e-01 -4.99428541e-01 -8.56594329e-01 -1.29681487e-01 5.26042495e-01
4.08168538e-01 -3.58676627e-01 8.39493610e-01 1.73054896e+00 -7.64201230e-01 3.68802088e-01 5.29132781e-01 -7.51380030e-01 -4.99394557e-01 -8.57517403e-01 -1.23567711e-01 5.13525583e-01
4.17632953e-01 -3.56660452e-01 8.35688960e-01 1.74924018e+00 -7.60058822e-01 3.66852461e-01 5.36404567e-01 -7.28786566e-01 -4.97888847e-01 -8.59192990e-01 -1.17873247e-01 5.18202744e-01
4.26633759e-01 -3.57817816e-01 8.30632318e-01 1.75368158e+00 -7.53871906e-01 3.66694812e-01 5.45171591e-01 -7.34414468e-01 -4.99660669e-01 -8.58778973e-01 -1.13304413e-01 4.89602568e-01
4.32307740e-01 -3.62408715e-01 8.25693612e-01 1.77153145e+00 -7.48547320e-01 3.66328166e-01 5.52702981e-01 -7.11615487e-01 -5.02779204e-01 -8.57008516e-01 -1.12913571e-01 4.81561165e-01
4.35961374e-01 -3.63317910e-01 8.23369768e-01 1.77024240e+00 -7.46729520e-01 3.64626437e-01 5.56275637e-01 -6.81787883e-01 -5.02327287e-01 -8.57349204e-01 -1.12337166e-01 4.86205151e-01
4.41548712e-01 -3.64652491e-01 8.19794666e-01 1.78998470e+00 -7.42166210e-01 3.65012994e-01 5.62098596e-01 -6.59198185e-01 -5.04206359e-01 -8.56617812e-01 -1.09461740e-01 4.82331404e-01
4.45610933e-01 -3.62663081e-01 8.18478091e-01 1.79285993e+00 -7.42321382e-01 3.61346133e-01 5.64258750e-01 -6.29488314e-01 -5.00389710e-01 -8.59013657e-01 -1.08192772e-01 4.87334574e-01
4.52123971e-01 -3.62819197e-01 8.14828906e-01 1.81535416e+00 -7.39328058e-01 3.58607010e-01 5.69907918e-01 -6.11126248e-01 -4.98976890e-01 -8.60094903e-01 -1.06107587e-01 4.90674187e-01
4.57842716e-01 -3.63728201e-01 8.11222437e-01 1.83833071e+00 -7.33986542e-01 3.60221036e-01 5.75764327e-01 -5.92244421e-01 -5.01641111e-01 -8.59035855e-01 -1.02047028e-01 4.90278074e-01
4.64900248e-01 -3.63515421e-01 8.07294430e-01 1.85835800e+00 -7.26883803e-01 3.63871475e-01 5.82440972e-01 -5.79850999e-01 -5.05477691e-01 -8.57586198e-01 -9.50695329e-02 4.72007130e-01
