-9.47843716e-01 -1.31019666e-02 3.18466057e-01 0.00000000e+00 -3.13217925e-01 -1.46816947e-01 -9.38263990e-01 0.00000000e+00 5.90493177e-02 -9.89076904e-01 1.35055750e-01 0.00000000e+00
-9.47786692e-01 -1.19550751e-02 3.18680818e-01 -1.23346891e-02 -3.13608501e-01 -1.46428077e-01 -9.38194290e-01 1.71917103e-02 5.78800025e-02 -9.89149076e-01 1.35033370e-01 -8.26071625e-03
-9.48025231e-01 -8.62709080e-03 3.18078192e-01 -3.67685842e-03 -3.13490271e-01 -1.45943000e-01 -9.38309378e-01 -3.81917085e-03 5.45161658e-02 -9.89255383e-01 1.35653137e-01 -8.03780332e-03
-9.48832651e-01 -1.01160967e-02 3.15617278e-01 7.56847136e-03 -3.10926147e-01 -1.44628887e-01 -9.39365433e-01 -2.14428346e-02 5.51500872e-02 -9.89434257e-01 1.34083252e-01 3.12103542e-04
-9.49282374e-01 -9.59546509e-03 3.14278384e-01 1.71766365e-02 -3.09785482e-01 -1.42528119e-01 -9.40063131e-01 -4.12961280e-02 5.38138498e-02 -9.89744241e-01 1.32326895e-01 4.79081523e-03
-9.49693168e-01 -1.11762991e-02 3.12982394e-01 7.13673748e-03 -3.08416961e-01 -1.40288433e-01 -9.40849686e-01 -2.61004510e-02 5.44230272e-02 -9.90047597e-01 1.29784007e-01 -8.58973814e-03
-9.48753396e-01 -1.11416058e-02 3.15820929e-01 1.08778553e-02 -3.11391750e-01 -1.37405131e-01 -9.40295170e-01 -4.78009861e-02 5.38718145e-02 -9.90452268e-01 1.26894181e-01 -3.08727396e-03
-9.47907718e-01 -1.12721798e-02 3.18345563e-01 -9.87416498e-03 -3.13784454e-01 -1.39089627e-01 -9.39251506e-01 -5.58665781e-02 5.48659774e-02 -9.90215640e-01 1.28307096e-01 -6.92302595e-04
-9.48511868e-01 -1.53584095e-02 3.16369021e-01 -1.79079615e-02 -3.10961889e-01 -1.44785941e-01 -9.39329407e-01 -3.55156258e-02 6.02323921e-02 -9.89343798e-01 1.32555304e-01 -5.79561691e-03
-9.48324806e-01 -1.25006979e-02 3.17054877e-01 -9.35447582e-03 -3.11955742e-01 -1.45909225e-01 -9.38825923e-01 -5.01932116e-02 5.79972104e-02 -9.89219000e-01 1.34469673e-01 -2.10557962e-02
-9.47761867e-01 -1.14024545e-02 3.18774888e-01 -4.56738720e-03 -3.13996328e-01 -1.42593712e-01 -9.38655069e-01 -7.22778013e-02 5.61582666e-02 -9.89715624e-01 1.31564554e-01 -2.22280489e-02
-9.49175237e-01 -1.12714332e-02 3.14546220e-01 7.15401916e-03 -3.09783897e-01 -1.43336384e-01 -9.39940752e-01 -9.09814872e-02 5.56803973e-02 -9.89609840e-01 1.32559638e-01 -2.42663812e-02
-9.51359276e-01 -1.06532249e-02 3.07899396e-01 2.74277432e-02 -3.03121441e-01 -1.46282428e-01 -9.41657498e-01 -8.98484295e-02 5.50719605e-02 -9.89185503e-01 1.35937924e-01 -3.53363054e-02
-9.51942438e-01 -1.53281274e-02 3.05893193e-01 4.64478794e-02 -3.00778770e-01 -1.41607508e-01 -9.43122179e-01 -8.71280097e-02 5.77730697e-02 -9.89804203e-01 1.30191821e-01 -2.26265046e-02
-9.52023946e-01 -1.30683370e-02 3.05744378e-01 5.47433759e-02 -3.01156773e-01 -1.37462779e-01 -9.43614636e-01 -1.07824413e-01 5.43599461e-02 -9.90420720e-01 1.26932240e-01 -1.52447757e-02
-9.52564289e-01 -1.23409971e-02 3.04087118e-01 4.62993302e-02 -2.99571904e-01 -1.38106189e-01 -9.44025081e-01 -8.59885119e-02 5.36465238e-02 -9.90340537e-01 1.27858008e-01 -1.63088506e-02
-9.52639764e-01 -1.80306083e-02 3.03566102e-01 5.55337412e-02 -2.98114678e-01 -1.41724159e-01 -9.43950158e-01 -1.05059381e-01 6.00426463e-02 -9.89741966e-01 1.29636881e-01 -7.57703993e-03
-9.52305147e-01 -2.48971130e-02 3.04129976e-01 5.65837035e-02 -2.97123018e-01 -1.51404052e-01 -9.42759103e-01 -1.14415417e-01 6.95184907e-02 -9.88158361e-01 1.36785353e-01 -2.87086969e-02
-9.52710938e-01 -3.14297953e-02 3.02248304e-01 6.42637356e-02 -2.93905337e-01 -1.57418344e-01 -9.42782646e-01 -1.36246017e-01 7.72108932e-02 -9.87031728e-01 1.40736794e-01 -2.64571545e-02
-9.53031255e-01 -2.95891490e-02 3.01423142e-01 7.34215341e-02 -2.92808857e-01 -1.64395236e-01 -9.41932683e-01 -1.56210555e-01 7.74235149e-02 -9.85950652e-01 1.48009833e-01 -1.89247013e-02
-9.54179740e-01 -2.78223685e-02 2.97937812e-01 8.20076754e-02 -2.89263207e-01 -1.69121553e-01 -9.42191433e-01 -1.77026055e-01 7.66017026e-02 -9.85202423e-01 1.53324372e-01 -1.34531987e-02
-9.55201409e-01 -2.89082340e-02 2.94541308e-01 8.70578542e-02 -2.85734411e-01 -1.69223726e-01 -9.43249265e-01 -1.98395694e-01 7.71110479e-02 -9.85153615e-01 1.53382664e-01 -7.96325728e-03
-9.56704218e-01 -2.91709247e-02 2.89596439e-01 6.95675125e-02 -2.80874540e-01 -1.68404899e-01 -9.44854107e-01 -2.10857817e-01 7.63317270e-02 -9.85286175e-01 1.52920307e-01 -1.53970174e-02
-9.58925257e-01 -3.10555122e-02 2.81953732e-01 6.09840211e-02 -2.72811261e-01 -1.71283011e-01 -9.46697494e-01 -1.90629250e-01 7.76940596e-02 -9.84732291e-01 1.55775312e-01 -2.16864218e-02
-9.59291944e-01 -3.01196320e-02 2.80805584e-01 5.20052887e-02 -2.71665443e-01 -1.73314565e-01 -9.46657250e-01 -1.70717537e-01 7.71806657e-02 -9.84405845e-01 1.58076803e-01 -2.76407553e-02
-9.60642223e-01 -3.05415054e-02 2.76104577e-01 5.99933203e-02 -2.66682538e-01 -1.76840293e-01 -9.47421729e-01 -1.91676384e-01 7.77621000e-02 -9.83765586e-01 1.61735366e-01 -2.18441818e-02
-9.62771284e-01 -3.35436088e-02 2.68228039e-01 5.04638671e-02 -2.58007705e-01 -1.81995937e-01 -9.48846407e-01 -1.70875497e-01 8.06441458e-02 -9.82726974e-01 1.66565952e-01 -2.46724792e-02
-9.64591338e-01 -3.74842664e-02 2.61071794e-01 6.50200545e-02 -2.49940722e-01 -1.86169866e-01 -9.50194935e-01 -1.53072470e-01 8.42210613e-02 -9.81802276e-01 1.70208996e-01 -2.87833572e-02
-9.64606127e-01 -3.69907546e-02 2.61087543e-01 4.81355651e-02 -2.49794935e-01 -1.89035755e-01 -9.49667296e-01 -1.62972638e-01 8.44837906e-02 -9.81273237e-01 1.73104945e-01 -1.67951853e-02
-9.67226164e-01 -3.73276688e-02 2.51157707e-01 4.01905743e-02 -2.39685529e-01 -1.92269047e-01 -9.51621490e-01 -1.41308786e-01 8.38116648e-02 -9.80632070e-01 1.77020751e-01 -1.82606277e-02
-9.68421241e-01 -3.87878652e-02 2.46283988e-01 5.25902635e-02 -2.35091391e-01 -1.86868277e-01 -9.53840807e-01 -1.58994210e-01 8.30201131e-02 -9.81618942e-01 1.71848515e-01 -2.81282544e-02
-9.71365917e-01 -3.96763102e-02 2.34252101e-01 6.38438256e-02 -2.25082212e-01 -1.61993278e-01 -9.60778942e-01 -1.49508063e-01 7.60674290e-02 -9.85993898e-01 1.48424318e-01 -9.65573383e-03
-9.71405042e-01 -3.14951994e-02 2.35330187e-01 6.06311194e-02 -2.27160525e-01 -1.65042536e-01 -9.59770314e-01 -1.39759815e-01 6.90676484e-02 -9.85783451e-01 1.53168686e-01 1.17327092e-02
-9.73033674e-01 -1.36164407e-02 2.30260857e-01 6.67761435e-02 -2.24030962e-01 -1.81868639e-01 -9.57462232e-01 -1.56522321e-01 5.49144563e-02 -9.83228555e-01 1.73913806e-01 -4.18671558e-03
-9.74818665e-01 -4.80394994e-03 2.22947290e-01 7.77700303e-02 -2.17878273e-01 -1.92503319e-01 -9.56802764e-01 -1.65825554e-01 4.75145260e-02 -9.81284563e-01 1.86609152e-01 -2.25406934e-02
-9.76037970e-01 -4.16339640e-03 2.17560447e-01 9.48710112e-02 -2.12816548e-01 -1.90227641e-01 -9.58395827e-01 -1.64038119e-01 4.53761924e-02 -9.81731180e-01 1.84783361e-01 -7.56859039e-03
-9.77077243e-01 2.89308109e-04 2.12884895e-01 9.88355859e-02 -2.09057784e-01 -1.90071691e-01 -9.59253665e-01 -1.85899163e-01 4.01858719e-02 -9.81770170e-01 1.85775206e-01 -2.87760819e-03
-9.78162695e-01 6.79062071e-03 2.07729706e-01 9.60408581e-02 -2.05105646e-01 -1.93146886e-01 -9.59492550e-01 -1.63720943e-01 3.36067957e-02 -9.81146354e-01 1.90321873e-01 -2.18833015e-03
-9.79520772e-01 5.51327581e-03 2.01267637e-01 8.87564105e-02 -1.98437249e-01 -1.95654047e-01 -9.60386459e-01 -1.85105901e-01 3.40839524e-02 -9.80657482e-01 1.92741243e-01 4.84824149e-04
-9.81144246e-01 8.45830044e-03 1.93091756e-01 1.00790323e-01 -1.91047901e-01 -1.93732191e-01 -9.62272590e-01 -2.00290962e-01 2.92688982e-02 -9.81017989e-01 1.91695165e-01 -1.19938523e-02
-9.82511086e-01 1.00676149e-02 1.85931739e-01 9.22018555e-02 -1.84407654e-01 -1.90979598e-01 -9.64116491e-01 -1.79807049e-01 2.58028152e-02 -9.81542376e-01 1.89496117e-01 -1.76651212e-02
-9.85013013e-01 1.04501991e-02 1.72163176e-01 1.04590036e-01 -1.70789282e-01 -1.98513605e-01 -9.65102776e-01 -1.77638359e-01 2.40912165e-02 -9.80042419e-01 1.97323266e-01 -3.67685967e-02
-9.87076443e-01 7.60724882e-03 1.60069445e-01 9.96325203e-02 -1.58314196e-01 -2.01085174e-01 -9.66696109e-01 -1.56272453e-01 2.48336943e-02 -9.79544222e-01 1.99690774e-01 -4.18691663e-02
-9.88971958e-01 3.03975953e-03 1.48071701e-01 1.08265578e-01 -1.45688100e-01 -1.99773541e-01 -9.68950726e-01 -1.76765700e-01 2.66354309e-02 -9.79837380e-01 1.98013287e-01 -3.69241358e-02
-9.91156747e-01 9.01606480e-03 1.32389629e-01 1.30994623e-01 -1.31508890e-01 -1.99910955e-01 -9.70948516e-01 -1.73207614e-01 1.77120024e-02 -9.79772586e-01 1.99328785e-01 -3.64659959e-02
-9.93117126e-01 9.66426407e-03 1.16726077e-01 1.22729953e-01 -1.16239079e-01 -2.03699460e-01 -9.72108535e-01 -1.52533299e-01 1.43823252e-02 -9.78985767e-01 2.03420787e-01 -3.97941190e-02
-9.94865068e-01 8.10138370e-03 1.00885406e-01 1.31420595e-01 -1.00423629e-01 -2.03043600e-01 -9.74006361e-01 -1.73164369e-01 1.25933367e-02 -9.79136183e-01 2.02814555e-01 -3.49096510e-02
-9.96127412e-01 8.74216123e-03 8.74857392e-02 1.14294966e-01 -8.74576938e-02 -2.00589152e-01 -9.75763877e-01 -1.59329659e-01 9.01840506e-03 -9.79636446e-01 2.00576922e-01 -2.87592685e-02
-9.97494434e-01 1.18264830e-02 6.97494740e-02 1.23275863e-01 -7.06976983e-02 -2.02687178e-01 -9.76688150e-01 -1.69581565e-01 2.58653826e-03 -9.79172120e-01 2.03015437e-01 -4.65404153e-02
-9.98875459e-01 1.10874656e-02 4.60964932e-02 1.43801690e-01 -4.73851129e-02 -2.01239256e-01 -9.78395325e-01 -1.60533358e-01 -1.57150046e-03 -9.79479366e-01 2.01538335e-01 -4.44570699e-02
-9.99519802e-01 1.10151099e-02 2.89626274e-02 1.37587787e-01 -3.05930237e-02 -2.02307080e-01 -9.78844172e-01 -1.39775487e-01 -4.92273150e-03 -9.79260186e-01 2.02546918e-01 -5.19232407e-02
-9.99855038e-01 1.16073137e-02 1.24568885e-02 1.22724747e-01 -1.45704733e-02 -2.04764971e-01 -9.78702716e-01 -1.31264728e-01 -8.80937506e-03 -9.78742344e-01 2.04904412e-01 -6.73469585e-02
-9.99917025e-01 1.03161032e-02 -7.71515347e-03 1.31351094e-01 5.45670948e-03 -2.03333293e-01 -9.79094375e-01 -1.51434238e-01 -1.16691862e-02 -9.79055233e-01 2.03260130e-01 -5.95920254e-02
-9.99683614e-01 1.06411524e-02 -2.27912237e-02 1.29604241e-01 2.02022236e-02 -2.00126736e-01 -9.79561718e-01 -1.28945530e-01 -1.49847988e-02 -9.79712231e-01 1.99848444e-01 -6.29558647e-02
-9.99084394e-01 1.47892139e-02 -4.01454051e-02 1.35663626e-01 3.63355751e-02 -2.02044781e-01 -9.78702014e-01 -1.48521946e-01 -2.25854030e-02 -9.79264615e-01 2.01322413e-01 -5.23933241e-02
-9.97936869e-01 1.30481049e-02 -6.28629765e-02 1.58544620e-01 5.88696924e-02 -2.04748352e-01 -9.77042717e-01 -1.51117435e-01 -2.56196468e-02 -9.78727674e-01 2.03557791e-01 -5.76699252e-02
-9.96992643e-01 1.28584979e-02 -7.64220492e-02 1.64430451e-01 7.22531694e-02 -2.02327656e-01 -9.76648861e-01 -1.70215122e-01 -2.80205314e-02 -9.79233465e-01 2.00790117e-01 -4.71870245e-02
-9.95771267e-01 1.27639743e-02 -9.09761826e-02 1.44055297e-01 8.65393039e-02 -2.02017935e-01 -9.75550974e-01 -1.60142635e-01 -3.08307281e-02 -9.79298644e-01 2.00059070e-01 -4.18752456e-02
-9.93408678e-01 1.29034997e-02 -1.13897754e-01 1.57793798e-01 1.09272637e-01 -1.93518161e-01 -9.74992416e-01 -1.55262616e-01 -3.46220984e-02 -9.81011836e-01 1.90832621e-01 -2.38334426e-02
-9.90671210e-01 1.83646099e-02 -1.35030720e-01 1.78108354e-01 1.28821450e-01 -1.96984115e-01 -9.71906524e-01 -1.52687084e-01 -4.44475910e-02 -9.80234665e-01 1.92780736e-01 -3.55499094e-02
-9.88756653e-01 1.83650379e-02 -1.48401503e-01 1.75055639e-01 1.41971713e-01 -1.96306446e-01 -9.70210190e-01 -1.30154198e-01 -4.69501186e-02 -9.80370596e-01 1.91491989e-01 -3.59984424e-02
-9.86525063e-01 1.76495707e-02 -1.62655440e-01 1.68474890e-01 1.56039596e-01 -1.97419165e-01 -9.67820912e-01 -1.10203786e-01 -4.91929247e-02 -9.80160275e-01 1.92004923e-01 -4.22593232e-02
-9.84388697e-01 2.09468955e-02 -1.74757324e-01 1.57882592e-01 1.67104418e-01 -2.00573196e-01 -9.65321970e-01 -9.09175402e-02 -5.52721335e-02 -9.79454757e-01 1.93941668e-01 -3.56050786e-02
-9.82208352e-01 1.98691316e-02 -1.86740387e-01 1.66074306e-01 1.79024298e-01 -2.01265282e-01 -9.63038206e-01 -1.11834752e-01 -5.67190894e-02 -9.79335236e-01 1.94127383e-01 -3.28523289e-02
-9.79830677e-01 2.01203805e-02 -1.98814019e-01 1.75335782e-01 1.90928774e-01 -1.99364033e-01 -9.61145247e-01 -9.22241836e-02 -5.89749730e-02 -9.79718915e-01 1.91501436e-01 -3.68807760e-02
-9.77755524e-01 2.15017528e-02 -2.08642784e-01 1.83875966e-01 2.00262305e-01 -2.00058209e-01 -9.59099433e-01 -7.23215336e-02 -6.23630207e-02 -9.79548053e-01 1.91302029e-01 -2.97833406e-02
-9.75571522e-01 2.10688680e-02 -2.18669403e-01 1.88263355e-01 2.10112328e-01 -2.01101330e-01 -9.56771166e-01 -5.06116919e-02 -6.41327935e-02 -9.79343841e-01 1.91761902e-01 -2.97039701e-02
-9.73237323e-01 1.93750092e-02 -2.28984114e-01 1.86559995e-01 2.20591322e-01 -2.00517995e-01 -9.54532348e-01 -7.19390503e-02 -6.44095085e-02 -9.79498414e-01 1.90877638e-01 -2.53720625e-02
-9.70880720e-01 2.26411384e-02 -2.38491104e-01 1.69381017e-01 2.29359897e-01 -1.99596712e-01 -9.52656911e-01 -8.38699143e-02 -6.91712772e-02 -9.79616522e-01 1.88591630e-01 -1.98266675e-02
-9.69757801e-01 2.27314835e-02 -2.43008412e-01 1.79052849e-01 2.33862659e-01 -1.98375605e-01 -9.51816881e-01 -6.48313192e-02 -6.98431506e-02 -9.79862438e-01 1.87060245e-01 -2.39638094e-02
-9.68809331e-01 1.90859078e-02 -2.47071263e-01 1.65740296e-01 2.38582086e-01 -1.97671184e-01 -9.50791612e-01 -6.69649971e-02 -6.69855903e-02 -9.80082564e-01 1.86952132e-01 -4.04158609e-02
-9.67937716e-01 1.77567424e-02 -2.50561921e-01 1.77708078e-01 2.42319242e-01 -1.96744159e-01 -9.50038484e-01 -5.06451088e-02 -6.61661831e-02 -9.80294055e-01 1.86133291e-01 -3.20349761e-02
-9.67387153e-01 1.82649486e-02 -2.52643008e-01 1.68112623e-01 2.44113568e-01 -1.98981104e-01 -9.49112788e-01 -6.95754145e-02 -6.76066807e-02 -9.79833104e-01 1.88033042e-01 -3.02715135e-02
-9.66572814e-01 1.45525691e-02 -2.55978942e-01 1.73933657e-01 2.47900656e-01 -2.01773801e-01 -9.47540288e-01 -4.84596617e-02 -6.54389897e-02 -9.79324030e-01 1.91421479e-01 -3.13101385e-02
-9.66153014e-01 1.46129712e-02 -2.57555458e-01 1.86280012e-01 2.49472675e-01 -2.01206016e-01 -9.47248395e-01 -3.11051429e-02 -6.56638213e-02 -9.79439942e-01 1.90750262e-01 -3.74730343e-02
-9.66829082e-01 1.66509826e-02 -2.54880897e-01 1.98948018e-01 2.46514740e-01 -2.00426302e-01 -9.48187629e-01 -1.43118404e-02 -6.68730914e-02 -9.79567273e-01 1.89673265e-01 -3.93965116e-02
-9.67329138e-01 2.21048255e-02 -2.52558346e-01 2.07085388e-01 2.43132319e-01 -2.01402858e-01 -9.48853815e-01 3.56952436e-03 -7.18402209e-02 -9.79259039e-01 1.89448456e-01 -3.21041404e-02
-9.68094346e-01 2.09478684e-02 -2.49708882e-01 2.25244697e-01 2.40568812e-01 -2.01241321e-01 -9.49541246e-01 1.41035622e-02 -7.01426103e-02 -9.79317679e-01 1.89781181e-01 -2.58721059e-02
-9.69995985e-01 1.96173368e-02 -2.42328188e-01 2.17444370e-01 2.33607417e-01 -2.00893428e-01 -9.51351357e-01 -3.79002773e-03 -6.73451202e-02 -9.79416659e-01 1.90283063e-01 -3.54486125e-02
-9.71901104e-01 1.91980543e-02 -2.34605371e-01 2.28852041e-01 2.26165535e-01 -2.00110422e-01 -9.53312629e-01 1.41244506e-02 -6.52487274e-02 -9.79585245e-01 1.90145602e-01 -4.18103137e-02
-9.74562236e-01 1.78065640e-02 -2.23408543e-01 2.18724815e-01 2.15327056e-01 -2.02042802e-01 -9.55412458e-01 -5.67477288e-03 -6.21507011e-02 -9.79214803e-01 1.93069050e-01 -4.47159607e-02
-9.76667678e-01 1.21510031e-02 -2.14412221e-01 2.39259585e-01 2.07580208e-01 -2.02521261e-01 -9.57024345e-01 -1.33829542e-02 -5.50518393e-02 -9.79202477e-01 1.95273663e-01 -4.90494740e-02
-9.77497543e-01 1.22539655e-02 -2.10590585e-01 2.58619789e-01 2.04015278e-01 -1.98894451e-01 -9.58550345e-01 -2.15230064e-02 -5.36313416e-02 -9.79944303e-01 1.91918841e-01 -4.07955940e-02
-9.79859678e-01 9.04067899e-03 -1.99482525e-01 2.68851213e-01 1.93880920e-01 -1.96075297e-01 -9.61230808e-01 -3.97956622e-02 -4.78037746e-02 -9.80547166e-01 1.90373462e-01 -4.95008945e-02
-9.82842336e-01 1.12356809e-02 -1.84105146e-01 2.63845488e-01 1.78375320e-01 -1.96107852e-01 -9.64221942e-01 -6.13494837e-02 -4.69381548e-02 -9.80517960e-01 1.90738931e-01 -4.27998577e-02
-9.84972251e-01 6.72691380e-03 -1.72581612e-01 2.74792365e-01 1.67776074e-01 -1.99931250e-01 -9.65338637e-01 -7.80594527e-02 -4.09982071e-02 -9.79786835e-01 1.95798119e-01 -5.49538011e-02
-9.87192239e-01 7.54268342e-03 -1.59356806e-01 2.62011287e-01 1.54598597e-01 -2.01334558e-01 -9.67245403e-01 -9.63689652e-02 -3.93796580e-02 -9.79493493e-01 1.97589825e-01 -5.33103361e-02
-9.89141798e-01 9.00107374e-03 -1.46688394e-01 2.50369290e-01 1.41900205e-01 -2.01264477e-01 -9.69204283e-01 -1.15730374e-01 -3.82470422e-02 -9.79495579e-01 1.97801853e-01 -5.01361710e-02
-9.91218481e-01 1.04484209e-02 -1.31820919e-01 2.46294000e-01 1.26969084e-01 -2.03298776e-01 -9.70849349e-01 -1.37645234e-01 -3.69428741e-02 -9.79060998e-01 2.00186878e-01 -4.60429702e-02
-9.91943954e-01 1.42014240e-02 -1.25878956e-01 2.61100473e-01 1.20650555e-01 -1.96945539e-01 -9.72962434e-01 -1.38895654e-01 -3.86087507e-02 -9.80311570e-01 1.93645527e-01 -2.85580791e-02
-9.93666710e-01 1.50547620e-02 -1.11354492e-01 2.51893992e-01 1.06250311e-01 -1.96630886e-01 -9.74703630e-01 -1.59663355e-01 -3.65696636e-02 -9.80361998e-01 1.93785993e-01 -3.10901032e-02
-9.94939794e-01 1.66293635e-02 -9.90871946e-02 2.49268941e-01 9.39777220e-02 -1.94807454e-01 -9.76328963e-01 -1.82431087e-01 -3.55386535e-02 -9.80700525e-01 1.92258898e-01 -2.87928377e-02
-9.96196355e-01 1.98902239e-02 -8.48363241e-02 2.41324094e-01 7.92805702e-02 -1.97109427e-01 -9.77170643e-01 -2.00592084e-01 -3.61581821e-02 -9.80179704e-01 1.94782785e-01 -4.00821510e-02
-9.96648156e-01 1.52278320e-02 -8.03776511e-02 2.59030285e-01 7.55895690e-02 -2.04305420e-01 -9.75984381e-01 -2.07555746e-01 -3.12837161e-02 -9.78788745e-01 2.02469555e-01 -5.23289321e-02
-9.97568151e-01 1.63780636e-02 -6.77461810e-02 2.65148211e-01 6.29262223e-02 -2.06289295e-01 -9.76465574e-01 -2.29111765e-01 -2.99679271e-02 -9.78353967e-01 2.04757020e-01 -5.15148615e-02
-9.98367120e-01 1.45725280e-02 -5.52334738e-02 2.71716933e-01 5.11533749e-02 -2.02289810e-01 -9.77988837e-01 -2.49732172e-01 -2.54249386e-02 -9.79217276e-01 2.01214061e-01 -4.52812574e-02
-9.99132524e-01 1.58331423e-02 -3.85163780e-02 2.64407681e-01 3.45971851e-02 -1.99191608e-01 -9.79349650e-01 -2.68791890e-01 -2.31783217e-02 -9.79832646e-01 1.98471032e-01 -3.55267939e-02
-9.99561405e-01 1.83750122e-02 -2.32241005e-02 2.55361705e-01 1.90744568e-02 -2.00409704e-01 -9.79526475e-01 -2.89440138e-01 -2.26531460e-02 -9.79539845e-01 1.99971312e-01 -3.64635495e-02
-9.99857490e-01 1.51615967e-02 -7.42470570e-03 2.64131721e-01 4.25871175e-03 -1.99052598e-01 -9.79979554e-01 -3.10471790e-01 -1.63359617e-02 -9.79871516e-01 1.98959662e-01 -3.47822269e-02
-9.99873917e-01 1.43737771e-02 6.74878032e-03 2.72237664e-01 -9.45184782e-03 -1.97215312e-01 -9.80314634e-01 -3.32046704e-01 -1.27598613e-02 -9.80254822e-01 1.97326306e-01 -3.15275018e-02
-9.99867464e-01 1.02646567e-02 1.26369461e-02 2.94559575e-01 -1.44118678e-02 -1.96981045e-01 -9.80301364e-01 -3.36440239e-01 -7.57321817e-03 -9.80353561e-01 1.97102871e-01 -3.42704272e-02
-9.99604896e-01 8.39800618e-03 2.68239727e-02 2.97501720e-01 -2.79442593e-02 -1.94105587e-01 -9.80582551e-01 -3.58944440e-01 -3.02825546e-03 -9.80944694e-01 1.94263571e-01 -3.40133529e-02
-9.99197955e-01 7.39118065e-03 3.93550215e-02 3.05063975e-01 -4.00407003e-02 -1.95107684e-01 -9.79964149e-01 -3.80204523e-01 4.35375020e-04 -9.80753976e-01 1.95247147e-01 -2.92128954e-02
-9.98574804e-01 4.02041417e-03 5.32184030e-02 3.06663811e-01 -5.29783936e-02 -1.95254066e-01 -9.79320754e-01 -4.00645118e-01 6.45383466e-03 -9.80744455e-01 1.95188786e-01 -1.98729544e-02
-9.97619376e-01 8.56241077e-04 6.89554041e-02 3.17538488e-01 -6.78336719e-02 -1.92224801e-01 -9.79003687e-01 -4.20829337e-01 1.24166758e-02 -9.81350545e-01 1.91825268e-01 -1.65361261e-02
-9.96411434e-01 1.39987177e-03 8.46303471e-02 3.22166831e-01 -8.33612360e-02 -1.89504849e-01 -9.78334715e-01 -4.43310901e-01 1.46683181e-02 -9.81878786e-01 1.88941494e-01 -1.38431981e-02
-9.95055316e-01 3.13754475e-03 9.92727306e-02 3.33232740e-01 -9.80507621e-02 -1.90451698e-01 -9.76787693e-01 -4.59662816e-01 1.58419450e-02 -9.81691554e-01 1.89817613e-01 -3.04401234e-03
-9.93366335e-01 4.77716994e-04 1.14991725e-01 3.33432013e-01 -1.12959400e-01 -1.91272945e-01 -9.75015299e-01 -4.81028771e-01 2.15290246e-02 -9.81536770e-01 1.90058067e-01 6.85825340e-03
-9.91418149e-01 2.22904491e-03 1.30709930e-01 3.43571416e-01 -1.28743002e-01 -1.90264836e-01 -9.73254608e-01 -5.01000280e-01 2.27000750e-02 -9.81730270e-01 1.88918985e-01 1.40908486e-02
-9.88994259e-01 5.84525170e-03 1.47838393e-01 3.50899191e-01 -1.46198087e-01 -1.92091571e-01 -9.70426168e-01 -5.22212856e-01 2.27261239e-02 -9.81359598e-01 1.90832025e-01 2.12574941e-02
-9.86387974e-01 7.15766148e-03 1.64278830e-01 3.57931777e-01 -1.62515121e-01 -1.94642852e-01 -9.67317422e-01 -5.43659368e-01 2.50519693e-02 -9.80848065e-01 1.93156597e-01 2.72605124e-02
-9.83164027e-01 4.81336572e-03 1.82661787e-01 3.59696996e-01 -1.80255916e-01 -1.89335071e-01 -9.65225381e-01 -5.44015459e-01 2.99382997e-02 -9.81900739e-01 1.87015068e-01 5.09431044e-02
-9.79580454e-01 4.12775848e-03 2.01010194e-01 3.64986038e-01 -1.98224558e-01 -1.86928704e-01 -9.62166661e-01 -5.64654061e-01 3.36029833e-02 -9.82364811e-01 1.83929928e-01 6.02995543e-02
-9.76405575e-01 3.79722337e-03 2.15911407e-01 3.72585430e-01 -2.12688128e-01 -1.89899800e-01 -9.58489346e-01 -5.86643884e-01 3.73619347e-02 -9.81796133e-01 1.86226848e-01 6.28463189e-02
-9.72632955e-01 2.30999803e-03 2.32335536e-01 3.78102007e-01 -2.28247622e-01 -1.96507617e-01 -9.53565823e-01 -6.08893702e-01 4.34529674e-02 -9.80499577e-01 1.91657035e-01 6.60931087e-02
-9.69152697e-01 -4.15463517e-03 2.46426033e-01 3.84320921e-01 -2.40634543e-01 -2.00172219e-01 -9.49750545e-01 -6.31050541e-01 5.32735127e-02 -9.79751918e-01 1.92997697e-01 7.11565418e-02
-9.65299210e-01 -3.51148992e-03 2.61122782e-01 3.91164395e-01 -2.55284170e-01 -1.97986897e-01 -9.46377927e-01 -6.52647177e-01 5.50220859e-02 -9.80198376e-01 1.90220167e-01 7.76431003e-02
-9.61433240e-01 -7.97398701e-04 2.75037252e-01 3.98794468e-01 -2.69418476e-01 -1.98388059e-01 -9.42367159e-01 -6.74039309e-01 5.53155488e-02 -9.80123228e-01 1.90522040e-01 8.36409765e-02
-9.58078385e-01 -1.44541176e-03 2.86502568e-01 4.06349196e-01 -2.80360204e-01 -2.01284536e-01 -9.38553510e-01 -6.95772703e-01 5.90251327e-02 -9.79531748e-01 1.92441127e-01 8.95200476e-02
-9.54704184e-01 -2.91385933e-03 2.97542316e-01 4.16574664e-01 -2.90580157e-01 -2.06131080e-01 -9.34383834e-01 -7.15694554e-01 6.40553819e-02 -9.78520049e-01 1.95947495e-01 9.73928126e-02
-9.51265488e-01 -9.71046598e-03 3.08220178e-01 4.20680762e-01 -2.99368228e-01 -2.10696335e-01 -9.30583536e-01 -7.38441511e-01 7.39772619e-02 -9.77503330e-01 1.97521147e-01 1.01717387e-01
-9.47715150e-01 -1.38698485e-02 3.18815970e-01 4.27032487e-01 -3.08753098e-01 -2.12696618e-01 -9.27055378e-01 -7.60255564e-01 8.06691962e-02 -9.77019844e-01 1.97293449e-01 1.08467154e-01
-9.43664524e-01 -1.84109986e-02 3.30391135e-01 4.31426354e-01 -3.19282766e-01 -2.11619549e-01 -9.23729226e-01 -7.79272546e-01 8.69240005e-02 -9.77178695e-01 1.93819547e-01 1.21448486e-01
-9.39216148e-01 -2.01375889e-02 3.42735329e-01 4.39132169e-01 -3.30840192e-01 -2.13688453e-01 -9.19174637e-01 -8.01412760e-01 9.17485433e-02 -9.76694283e-01 1.94037322e-01 1.21774257e-01
-9.34857003e-01 -2.66251783e-02 3.54024695e-01 4.46061008e-01 -3.40387499e-01 -2.16157094e-01 -9.15102432e-01 -8.22060642e-01 1.00889714e-01 -9.75995497e-01 1.93013095e-01 1.30931233e-01
-9.30531262e-01 -2.82038272e-02 3.65124794e-01 4.56719377e-01 -3.51077258e-01 -2.14969105e-01 -9.11335856e-01 -8.41861218e-01 1.04193709e-01 -9.76213515e-01 1.90133751e-01 1.38108730e-01
-9.25766849e-01 -3.13051465e-02 3.76796669e-01 4.62608035e-01 -3.62014055e-01 -2.14155376e-01 -9.07239383e-01 -8.63871905e-01 1.09094294e-01 -9.76297835e-01 1.86925045e-01 1.43233163e-01
-9.20084589e-01 -3.29506102e-02 3.90331407e-01 4.66875877e-01 -3.75164956e-01 -2.12497221e-01 -9.02272789e-01 -8.86491461e-01 1.12674778e-01 -9.76605953e-01 1.83153504e-01 1.46248685e-01
-9.14778984e-01 -3.47155397e-02 4.02460235e-01 4.72654841e-01 -3.87116581e-01 -2.09312354e-01 -8.97958290e-01 -9.06652489e-01 1.15413006e-01 -9.77232403e-01 1.78035582e-01 1.55801204e-01
-9.08736349e-01 -3.54691001e-02 4.15860785e-01 4.86951973e-01 -4.00307173e-01 -2.07917659e-01 -8.92482164e-01 -9.22669176e-01 1.18120340e-01 -9.77503038e-01 1.74743799e-01 1.66167401e-01
-9.03672456e-01 -3.74420259e-02 4.26584327e-01 4.98834120e-01 -4.10447249e-01 -2.08312977e-01 -8.87771794e-01 -9.40464974e-01 1.22103026e-01 -9.77345280e-01 1.72878723e-01 1.75728644e-01
-8.98886607e-01 -4.05129038e-02 4.36304452e-01 5.08379088e-01 -4.19523540e-01 -2.07892713e-01 -8.83617915e-01 -9.61297916e-01 1.26502444e-01 -9.77312296e-01 1.69875858e-01 1.81326648e-01
-8.93318896e-01 -4.14533027e-02 4.47507512e-01 5.15103132e-01 -4.31092970e-01 -2.02441329e-01 -8.79304475e-01 -9.80361648e-01 1.27044090e-01 -9.78416645e-01 1.62974437e-01 1.93666554e-01
-8.87829532e-01 -3.86022730e-02 4.58550529e-01 5.26151852e-01 -4.43046577e-01 -1.97615268e-01 -8.74447218e-01 -9.99575965e-01 1.24372236e-01 -9.79519306e-01 1.58346066e-01 2.03108595e-01
-8.82417939e-01 -3.75347654e-02 4.68966654e-01 5.38317337e-01 -4.53915384e-01 -1.94148485e-01 -8.69636239e-01 -1.01927916e+00 1.23690758e-01 -9.80253797e-01 1.54282499e-01 2.07476361e-01
-8.78366116e-01 -3.63458323e-02 4.76604603e-01 5.46732391e-01 -4.62360932e-01 -1.88272679e-01 -8.66473177e-01 -1.03396581e+00 1.21224314e-01 -9.81444027e-01 1.48567449e-01 2.24252652e-01
-8.73431127e-01 -3.81080670e-02 4.85454264e-01 5.54002362e-01 -4.71139016e-01 -1.85826597e-01 -8.62262433e-01 -1.05475028e+00 1.23069469e-01 -9.81843292e-01 1.44352537e-01 2.32008087e-01
-8.69374548e-01 -4.06932667e-02 4.92475333e-01 5.66841588e-01 -4.77919691e-01 -1.84110699e-01 -8.58892321e-01 -1.07370039e+00 1.25621112e-01 -9.82062782e-01 1.40613043e-01 2.38040064e-01
-8.66153235e-01 -4.34231794e-02 4.97888544e-01 5.81816518e-01 -4.82552194e-01 -1.86638130e-01 -8.55750892e-01 -1.09182209e+00 1.30084411e-01 -9.81468612e-01 1.40703270e-01 2.38905814e-01
-8.63390669e-01 -4.28633608e-02 5.02711932e-01 5.95647514e-01 -4.86553641e-01 -1.92905982e-01 -8.52087341e-01 -1.11050826e+00 1.33499466e-01 -9.80280579e-01 1.45697901e-01 2.32607872e-01
-8.58855411e-01 -4.17384891e-02 5.10514722e-01 6.05343645e-01 -4.93294163e-01 -2.01010570e-01 -8.46318863e-01 -1.13144142e+00 1.37942926e-01 -9.78699468e-01 1.52049662e-01 2.38679409e-01
-8.55377302e-01 -4.15697004e-02 5.16334807e-01 6.10026447e-01 -4.98465983e-01 -2.05131428e-01 -8.42290187e-01 -1.15458911e+00 1.40930247e-01 -9.77851245e-01 1.54743686e-01 2.36104802e-01
-8.59080381e-01 -4.74569521e-02 5.09635886e-01 6.31424800e-01 -4.91778528e-01 -1.99504438e-01 -8.47556404e-01 -1.15702720e+00 1.41897065e-01 -9.78747065e-01 1.48052039e-01 2.45764663e-01
-8.56393387e-01 -4.15961899e-02 5.14645630e-01 6.29785426e-01 -4.98425091e-01 -1.93567542e-01 -8.45046764e-01 -1.17699358e+00 1.34769416e-01 -9.80204756e-01 1.45037378e-01 2.58573886e-01
-8.54345605e-01 -3.46241049e-02 5.18550634e-01 6.34533092e-01 -5.03595897e-01 -1.91346338e-01 -8.42483086e-01 -1.19813805e+00 1.28392988e-01 -9.80911693e-01 1.46039346e-01 2.68610752e-01
-8.56347195e-01 -2.59225383e-02 5.15749460e-01 6.57848860e-01 -5.02270030e-01 -1.90227791e-01 -8.43527240e-01 -1.19901558e+00 1.19976248e-01 -9.81397682e-01 1.49880921e-01 2.69384060e-01
-8.54295272e-01 -1.62562491e-02 5.19533758e-01 6.64964580e-01 -5.07310146e-01 -1.91613048e-01 -8.40190964e-01 -1.22044352e+00 1.13207800e-01 -9.81335912e-01 1.55447161e-01 2.76790843e-01
-8.63722905e-01 -6.59070432e-03 5.03923911e-01 6.87534556e-01 -4.93462173e-01 -1.92033656e-01 -8.48303105e-01 -1.21240028e+00 1.02361266e-01 -9.81366210e-01 1.62611603e-01 2.74902085e-01
-8.68770033e-01 7.28587629e-05 4.95215737e-01 7.11336572e-01 -4.86192868e-01 -1.90147061e-01 -8.52913002e-01 -1.21244879e+00 9.41016748e-02 -9.81755616e-01 1.65229492e-01 2.74886517e-01
-8.68556009e-01 4.43332233e-04 4.95590823e-01 7.17116945e-01 -4.86763676e-01 -1.88662617e-01 -8.52917077e-01 -1.23367565e+00 9.31213362e-02 -9.82041862e-01 1.64079848e-01 2.82315728e-01
-8.69568234e-01 -3.00485586e-04 4.93812714e-01 7.26081368e-01 -4.85103349e-01 -1.86464778e-01 -8.54345144e-01 -1.25444999e+00 9.23353964e-02 -9.82461600e-01 1.61998082e-01 2.88275913e-01
-8.70356533e-01 -1.51701982e-03 4.92419746e-01 7.33762835e-01 -4.83597648e-01 -1.85832764e-01 -8.55335898e-01 -1.27584704e+00 9.28052837e-02 -9.82580217e-01 1.61007133e-01 2.94012532e-01
-8.71488600e-01 2.59888801e-04 4.90415695e-01 7.41711821e-01 -4.81961252e-01 -1.85336932e-01 -8.56366494e-01 -1.29725950e+00 9.06695805e-02 -9.82674999e-01 1.61644280e-01 3.01104278e-01
-8.74695025e-01 -9.57093359e-04 4.84672775e-01 7.53547486e-01 -4.76222600e-01 -1.84230952e-01 -8.59808695e-01 -1.31276541e+00 9.01146440e-02 -9.82882516e-01 1.60690108e-01 3.13642816e-01
-8.77045122e-01 -1.56045876e-03 4.80405474e-01 7.59184653e-01 -4.72094765e-01 -1.82428138e-01 -8.62465365e-01 -1.33514859e+00 8.89853177e-02 -9.83217951e-01 1.59261024e-01 3.09325137e-01
-8.81589369e-01 -3.91107385e-03 4.72000942e-01 7.77987856e-01 -4.63484836e-01 -1.82097813e-01 -8.67192131e-01 -1.34968136e+00 8.93419919e-02 -9.83272642e-01 1.58722773e-01 3.09611058e-01
-8.81089970e-01 -1.11322751e-02 4.72817658e-01 7.64346945e-01 -4.63496617e-01 -1.78545879e-01 -8.67924106e-01 -1.36764499e+00 9.40816141e-02 -9.83868609e-01 1.52155211e-01 3.19314680e-01
-8.86445481e-01 -1.36001019e-02 4.62633169e-01 7.77032341e-01 -4.53489479e-01 -1.74311549e-01 -8.74049641e-01 -1.38752265e+00 9.25294683e-02 -9.84596628e-01 1.48350182e-01 3.25397531e-01
-8.89001836e-01 -1.36417473e-02 4.57700382e-01 7.70810208e-01 -4.48272607e-01 -1.77999589e-01 -8.75995328e-01 -1.40507739e+00 9.34205871e-02 -9.83935998e-01 1.52126740e-01 3.10321894e-01
-8.91822300e-01 -1.53926535e-02 4.52123935e-01 7.68312348e-01 -4.42412124e-01 -1.79028577e-01 -8.78760651e-01 -1.42666891e+00 9.44695629e-02 -9.83723454e-01 1.52851781e-01 3.20237322e-01
-8.91336013e-01 -1.74610710e-02 4.53006870e-01 7.53348880e-01 -4.42394752e-01 -1.84780472e-01 -8.77577951e-01 -1.44482404e+00 9.90302743e-02 -9.82624693e-01 1.56976803e-01 3.18269445e-01
-8.93313910e-01 -1.83017382e-02 4.49060469e-01 7.43544392e-01 -4.38189516e-01 -1.86630461e-01 -8.79294614e-01 -1.46562544e+00 9.99009825e-02 -9.82259699e-01 1.58699958e-01 3.12322175e-01
-8.96900902e-01 -1.92515346e-02 4.41812347e-01 7.49262309e-01 -4.31442384e-01 -1.81242881e-01 -8.83746845e-01 -1.48342382e+00 9.70888255e-02 -9.83249915e-01 1.54250975e-01 3.27152584e-01
-9.00506392e-01 -1.76641464e-02 4.34483851e-01 7.54115922e-01 -4.24628374e-01 -1.79572607e-01 -8.87380652e-01 -1.50222881e+00 9.36962197e-02 -9.83586120e-01 1.54205583e-01 3.40821314e-01
-9.04305117e-01 -2.38284015e-02 4.26221145e-01 7.52045723e-01 -4.15273132e-01 -1.82203405e-01 -8.91263229e-01 -1.52329989e+00 9.88963221e-02 -9.82972088e-01 1.54872177e-01 3.51434054e-01
-9.04137320e-01 -2.37656965e-02 4.26580472e-01 7.37751206e-01 -4.15350361e-01 -1.85034494e-01 -8.90643763e-01 -1.54232064e+00 1.00098871e-01 -9.82444617e-01 1.57425501e-01 3.49668411e-01
-9.06575521e-01 -2.10463626e-02 4.21518537e-01 7.37017394e-01 -4.10728863e-01 -1.85717414e-01 -8.92642617e-01 -1.56533024e+00 9.70702128e-02 -9.82377775e-01 1.59722513e-01 3.52176611e-01
-9.08065149e-01 -1.92093414e-02 4.18388201e-01 7.28596127e-01 -4.07419343e-01 -1.91064305e-01 -8.93030744e-01 -1.58680229e+00 9.70935834e-02 -9.81389542e-01 1.65672580e-01 3.50675746e-01
-9.10755400e-01 -1.94047987e-02 4.12490067e-01 7.28964842e-01 -4.01167923e-01 -1.95293705e-01 -8.94943945e-01 -1.60894801e+00 9.79229208e-02 -9.80552814e-01 1.70080214e-01 3.56182029e-01
-9.12816304e-01 -2.58025017e-02 4.07554447e-01 7.26250649e-01 -3.94945439e-01 -1.98012084e-01 -8.97111651e-01 -1.62803016e+00 1.03848430e-01 -9.79859911e-01 1.70558079e-01 3.68830421e-01
-9.13463798e-01 -2.67555577e-02 4.06039446e-01 7.18048794e-01 -3.93255762e-01 -1.98365731e-01 -8.97775552e-01 -1.64822705e+00 1.04564797e-01 -9.79762816e-01 1.70678137e-01 3.76088223e-01
-9.17517656e-01 -2.68110050e-02 3.96790275e-01 7.26681361e-01 -3.83938300e-01 -2.00432053e-01 -9.01342539e-01 -1.66864782e+00 1.03695389e-01 -9.79340677e-01 1.73606176e-01 3.83515464e-01
-9.18241974e-01 -2.74367525e-02 3.95068226e-01 7.09796376e-01 -3.81262546e-01 -2.08546482e-01 -9.00637128e-01 -1.68459462e+00 1.07100647e-01 -9.77627531e-01 1.81035528e-01 3.82736285e-01
-9.21636564e-01 -2.71529045e-02 3.87103042e-01 7.11500762e-01 -3.73044811e-01 -2.12759367e-01 -9.03089708e-01 -1.70639321e+00 1.06881307e-01 -9.76727276e-01 1.85957562e-01 3.90907821e-01
-9.25320371e-01 -2.64303576e-02 3.78263991e-01 7.10886120e-01 -3.64313789e-01 -2.14676561e-01 -9.06195032e-01 -1.72970236e+00 1.05155471e-01 -9.76327512e-01 1.89015651e-01 3.94557542e-01
-9.28912034e-01 -2.57459865e-02 3.69404356e-01 7.10224014e-01 -3.55780655e-01 -2.14556829e-01 -9.09607329e-01 -1.75274020e+00 1.02676965e-01 -9.76372117e-01 1.90144496e-01 3.95885145e-01
-9.31804268e-01 -2.98651458e-02 3.61730397e-01 7.01255219e-01 -3.47404222e-01 -2.15262978e-01 -9.12673083e-01 -1.77369286e+00 1.05124277e-01 -9.76099341e-01 1.90207684e-01 3.98032667e-01
-9.35738652e-01 -3.22550826e-02 3.51216152e-01 7.09409842e-01 -3.37308436e-01 -2.09069140e-01 -9.17885131e-01 -1.79447169e+00 1.03034920e-01 -9.77368765e-01 1.84754164e-01 4.03833835e-01
-9.39126993e-01 -3.37192480e-02 3.41911544e-01 7.15345734e-01 -3.28166471e-01 -2.06605465e-01 -9.21748853e-01 -1.81612580e+00 1.01721472e-01 -9.77843134e-01 1.82963242e-01 4.09715899e-01
-9.41581115e-01 -3.25850424e-02 3.35206234e-01 7.12774584e-01 -3.21462761e-01 -2.09853813e-01 -9.23375909e-01 -1.83845068e+00 1.00432549e-01 -9.77189639e-01 1.87119510e-01 4.04606753e-01
-9.46389236e-01 -3.57988909e-02 3.21038712e-01 6.95146911e-01 -3.07093002e-01 -2.08590585e-01 -9.28538559e-01 -1.85449563e+00 1.00206303e-01 -9.77347639e-01 1.86414296e-01 4.04642847e-01
-9.52236199e-01 -3.21795508e-02 3.03662147e-01 7.00869921e-01 -2.91447236e-01 -2.00996244e-01 -9.35232066e-01 -1.87671785e+00 9.11302985e-02 -9.79063321e-01 1.82017258e-01 4.09079076e-01
-9.57198490e-01 -2.49403249e-02 2.88355739e-01 6.99856885e-01 -2.78227477e-01 -1.95235957e-01 -9.40463924e-01 -1.85391504e+00 7.97528844e-02 -9.80439137e-01 1.79940480e-01 4.02559134e-01
-9.61923263e-01 -1.91857076e-02 2.72645457e-01 6.95605176e-01 -2.64103344e-01 -1.91612646e-01 -9.45269283e-01 -1.87595178e+00 7.03779777e-02 -9.81283090e-01 1.79249653e-01 4.08401146e-01
-9.66677766e-01 -1.56706640e-02 2.55516198e-01 6.99701706e-01 -2.48087546e-01 -1.88835369e-01 -9.50154605e-01 -1.89847259e+00 6.31400490e-02 -9.81883717e-01 1.78655256e-01 4.09227667e-01
-9.70846411e-01 -1.55803665e-02 2.39195522e-01 6.95342605e-01 -2.32255795e-01 -1.85653318e-01 -9.54772271e-01 -1.92156523e+00 5.92831442e-02 -9.82491780e-01 1.76622227e-01 4.10850627e-01
-9.75405069e-01 -1.72193250e-02 2.19746325e-01 7.01588547e-01 -2.13128172e-01 -1.80626679e-01 -9.60182474e-01 -1.94382936e+00 5.62257429e-02 -9.83400985e-01 1.72514255e-01 4.15573139e-01
-9.79681612e-01 -2.02611965e-02 1.99533015e-01 7.09243362e-01 -1.92860416e-01 -1.77829906e-01 -9.64977401e-01 -1.96471827e+00 5.50345342e-02 -9.83852635e-01 1.70309107e-01 4.23511488e-01
-9.83766643e-01 -2.06835385e-02 1.78256511e-01 7.15367933e-01 -1.71855029e-01 -1.77384798e-01 -9.69020372e-01 -1.98511736e+00 5.16627655e-02 -9.83924196e-01 1.70950677e-01 4.31149758e-01
-9.87952016e-01 -1.47093892e-02 1.54059885e-01 7.37468393e-01 -1.49016560e-01 -1.78274402e-01 -9.72631638e-01 -1.99115123e+00 4.17717513e-02 -9.83870861e-01 1.73934612e-01 4.29813871e-01
-9.90064214e-01 -5.41725048e-03 1.40511586e-01 7.30005635e-01 -1.37244686e-01 -1.80269619e-01 -9.73995257e-01 -2.01226597e+00 3.06063463e-02 -9.83602316e-01 1.77735010e-01 4.30894813e-01
-9.92380757e-01 1.10712216e-03 1.23203927e-01 7.33893351e-01 -1.21303506e-01 -1.83958881e-01 -9.75420211e-01 -2.03242406e+00 2.15845473e-02 -9.82933316e-01 1.82691551e-01 4.41735257e-01
-9.94325845e-01 4.81395243e-03 1.06268243e-01 7.39024967e-01 -1.05247587e-01 -1.89716358e-01 -9.76181668e-01 -2.05465448e+00 1.54615319e-02 -9.81827138e-01 1.89146535e-01 4.45201035e-01
-9.95527997e-01 2.19209091e-03 9.44415225e-02 7.24431984e-01 -9.30560531e-02 -1.94895106e-01 -9.76399748e-01 -2.07218971e+00 1.62658335e-02 -9.80821642e-01 1.94227522e-01 4.47453998e-01
-9.96963423e-01 2.74509496e-03 7.78228641e-02 7.31097472e-01 -7.68315920e-02 -1.97436311e-01 -9.77300265e-01 -2.09240654e+00 1.26822773e-02 -9.80311872e-01 1.97047690e-01 4.54648157e-01
-9.98162892e-01 2.34199522e-03 6.05421919e-02 7.29307919e-01 -5.97941070e-02 -1.99257809e-01 -9.78121153e-01 -2.11322287e+00 9.77274946e-03 -9.79944305e-01 1.99031788e-01 4.64017808e-01
-9.99004219e-01 6.09968039e-03 4.41968858e-02 7.33529503e-01 -4.45168572e-02 -2.02217246e-01 -9.78328388e-01 -2.13505525e+00 2.96988206e-03 -9.79321693e-01 2.02287421e-01 4.70321772e-01
-9.99510570e-01 1.23598077e-02 2.87377130e-02 7.54635447e-01 -3.06873120e-02 -2.08979822e-01 -9.77438347e-01 -2.14431723e+00 -6.07534777e-03 -9.77841842e-01 2.09256830e-01 4.75265223e-01
-9.99733488e-01 1.42075333e-02 1.81961557e-02 7.55721040e-01 -2.07920669e-02 -2.11610509e-01 -9.77132888e-01 -2.15605378e+00 -1.00321502e-02 -9.77250806e-01 2.11849516e-01 4.95796046e-01
-9.99824843e-01 1.52770828e-02 1.08117669e-02 7.45954810e-01 -1.38189283e-02 -2.12991141e-01 -9.76956401e-01 -2.17512939e+00 -1.26222332e-02 -9.76934688e-01 2.13164947e-01 5.05094221e-01
-9.99809603e-01 1.94690807e-02 1.30903889e-03 7.54959704e-01 -5.28830133e-03 -2.05777029e-01 -9.78584614e-01 -2.18148501e+00 -1.87827727e-02 -9.78405217e-01 2.05840808e-01 5.25483628e-01
-9.99770838e-01 2.02499148e-02 -6.94356979e-03 7.56110944e-01 2.76231496e-03 -1.99611825e-01 -9.79871159e-01 -2.20135794e+00 -2.12283261e-02 -9.79665790e-01 1.99510145e-01 5.37656198e-01
-9.99612003e-01 2.25383953e-02 -1.63666151e-02 7.61822382e-01 1.16559142e-02 -1.95190637e-01 -9.80696056e-01 -2.22191533e+00 -2.52979255e-02 -9.80506316e-01 1.94852198e-01 5.45866361e-01
-9.99443924e-01 2.18267039e-02 -2.52079099e-02 7.67518858e-01 2.05292321e-02 -1.92932258e-01 -9.80997295e-01 -2.24304127e+00 -2.62753563e-02 -9.80969285e-01 1.92376888e-01 5.53476102e-01
-9.99299038e-01 2.16286631e-02 -3.05554270e-02 7.67299071e-01 2.58329505e-02 -1.92326136e-01 -9.80990986e-01 -2.22857865e+00 -2.70941309e-02 -9.81092686e-01 1.91632591e-01 5.71965474e-01
-9.99213078e-01 2.14211602e-02 -3.33820200e-02 7.61475893e-01 2.85179562e-02 -1.96947286e-01 -9.79999231e-01 -2.24986191e+00 -2.75672187e-02 -9.80180034e-01 1.96181416e-01 5.71472932e-01
-9.98939076e-01 2.51772981e-02 -3.85594028e-02 7.63354136e-01 3.28880249e-02 -1.96071342e-01 -9.80037961e-01 -2.27036521e+00 -3.22351019e-02 -9.80266357e-01 1.95035294e-01 5.79874509e-01
-9.98991880e-01 2.40922647e-02 -3.78785961e-02 7.48176267e-01 3.24485815e-02 -1.95545273e-01 -9.80157710e-01 -2.28572418e+00 -3.10211993e-02 -9.80398699e-01 1.94566380e-01 5.72168119e-01
-9.99084746e-01 2.51920904e-02 -3.45691910e-02 7.58024453e-01 2.92387940e-02 -1.87672852e-01 -9.81796309e-01 -2.30213193e+00 -3.12212000e-02 -9.81908478e-01 1.86764498e-01 5.84507010e-01
-9.99074070e-01 3.25272828e-02 -2.81598705e-02 7.50834151e-01 2.17282874e-02 -1.83447615e-01 -9.82789323e-01 -2.32357318e+00 -3.71333274e-02 -9.82491195e-01 1.82570993e-01 5.82600687e-01
-9.99087894e-01 3.28793442e-02 -2.72457228e-02 7.47666708e-01 2.08799431e-02 -1.80409001e-01 -9.83370032e-01 -2.34661912e+00 -3.72479355e-02 -9.83041983e-01 1.79557930e-01 5.83643991e-01
-9.99118849e-01 3.03645157e-02 -2.89745334e-02 7.47023099e-01 2.30290392e-02 -1.80535626e-01 -9.83298810e-01 -2.36909383e+00 -3.50883275e-02 -9.83099630e-01 1.79677282e-01 5.80129298e-01
-9.99203182e-01 2.96528283e-02 -2.67153743e-02 7.39619232e-01 2.09175283e-02 -1.81004438e-01 -9.83259808e-01 -2.39036581e+00 -3.39920356e-02 -9.83035148e-01 1.80239947e-01 5.79067884e-01
